
Algorithm: 3

Procs: 2

Test: 1
# OSU MPI Reduce Latency Test v7.3
# Datatype: MPI_CHAR.
# Size       Avg Latency(us)   Min Latency(us)   Max Latency(us)  Iterations  P50 Tail Lat(us)  P95 Tail Lat(us)  P99 Tail Lat(us)
1                       0.23              0.11              0.34        1000              0.22              0.31              0.33
2                       0.25              0.11              0.40        1000              0.25              0.32              0.37
4                       0.23              0.11              0.35        1000              0.22              0.31              0.33
8                       0.26              0.11              0.41        1000              0.25              0.33              0.37
16                      0.23              0.11              0.34        1000              0.22              0.31              0.33
32                      0.29              0.11              0.46        1000              0.26              0.36              0.40
64                      0.27              0.11              0.42        1000              0.25              0.34              0.35
128                     0.36              0.16              0.55        1000              0.34              0.44              0.45
256                     0.37              0.16              0.57        1000              0.35              0.45              0.47
512                     0.41              0.17              0.65        1000              0.39              0.49              0.52
1024                    0.47              0.18              0.75        1000              0.45              0.55              0.58
2048                    0.61              0.20              1.01        1000              0.58              0.69              0.72
4096                    0.91              0.36              1.46        1000              0.89              1.01              1.05
8192                    1.43              0.63              2.23        1000              1.42              1.50              1.58
16384                   3.81              2.52              5.09         100              2.67              7.53             11.14
32768                   4.73              3.45              6.00         100              4.55              4.68              5.12
65536                   8.37              6.65             10.09         100              8.32              8.46              8.49
131072                 15.79             13.37             18.22         100             15.59             15.75             24.64
262144                 23.26             17.51             29.01         100             23.11             23.42             28.79
524288                 57.82             41.30             74.34         100             57.41             61.72             63.00
1048576               137.07             91.82            182.32         100            136.31            141.20            142.82

Test: 2
# OSU MPI Reduce Latency Test v7.3
# Datatype: MPI_CHAR.
# Size       Avg Latency(us)   Min Latency(us)   Max Latency(us)  Iterations  P50 Tail Lat(us)  P95 Tail Lat(us)  P99 Tail Lat(us)
1                       0.23              0.10              0.35        1000              0.21              0.30              0.32
2                       0.25              0.10              0.41        1000              0.25              0.31              0.36
4                       0.23              0.10              0.35        1000              0.21              0.30              0.32
8                       0.25              0.10              0.39        1000              0.25              0.32              0.37
16                      0.23              0.11              0.35        1000              0.21              0.31              0.32
32                      0.29              0.12              0.47        1000              0.27              0.39              0.48
64                      0.26              0.11              0.41        1000              0.24              0.35              0.41
128                     0.33              0.14              0.53        1000              0.32              0.36              0.39
256                     0.34              0.14              0.53        1000              0.32              0.40              0.46
512                     0.38              0.15              0.62        1000              0.37              0.43              0.48
1024                    0.43              0.15              0.71        1000              0.41              0.46              0.48
2048                    0.57              0.18              0.96        1000              0.55              0.61              0.64
4096                    0.86              0.33              1.39        1000              0.84              0.92              0.97
8192                    1.39              0.61              2.18        1000              1.37              1.46              1.50
16384                   3.77              2.44              5.10         100              2.60              7.40              9.20
32768                   4.62              3.34              5.89         100              4.46              4.59              7.14
65536                   8.31              6.59             10.03         100              8.26              8.43              8.45
131072                 15.60             13.22             17.98         100             15.51             15.72             20.12
262144                 23.80             17.99             29.60         100             23.63             24.07             28.52
524288                 56.76             40.57             72.96         100             56.36             61.17             62.18
1048576               135.28             90.84            179.71         100            134.49            138.93            143.37

Test: 3
# OSU MPI Reduce Latency Test v7.3
# Datatype: MPI_CHAR.
# Size       Avg Latency(us)   Min Latency(us)   Max Latency(us)  Iterations  P50 Tail Lat(us)  P95 Tail Lat(us)  P99 Tail Lat(us)
1                       0.23              0.11              0.35        1000              0.22              0.33              0.35
2                       0.25              0.11              0.39        1000              0.25              0.34              0.39
4                       0.23              0.11              0.35        1000              0.22              0.32              0.34
8                       0.25              0.11              0.40        1000              0.25              0.33              0.38
16                      0.23              0.11              0.35        1000              0.22              0.32              0.36
32                      0.29              0.11              0.47        1000              0.28              0.38              0.43
64                      0.27              0.11              0.44        1000              0.28              0.33              0.40
128                     0.34              0.14              0.54        1000              0.32              0.43              0.46
256                     0.35              0.15              0.55        1000              0.33              0.45              0.49
512                     0.40              0.16              0.64        1000              0.38              0.49              0.52
1024                    0.45              0.17              0.72        1000              0.42              0.54              0.57
2048                    0.59              0.20              0.98        1000              0.57              0.69              0.72
4096                    0.87              0.34              1.41        1000              0.86              0.98              1.02
8192                    1.41              0.63              2.19        1000              1.39              1.52              1.57
16384                   3.83              2.48              5.19         100              2.62              7.43             11.09
32768                   4.66              3.40              5.92         100              4.51              4.63              7.31
65536                   8.40              6.70             10.10         100              8.35              8.50              8.65
131072                 15.75             13.35             18.14         100             15.69             15.90             17.98
262144                 24.54             18.34             30.74         100             24.29             24.73             28.91
524288                 57.19             41.15             73.22         100             56.80             60.32             62.24
1048576               135.17             90.81            179.53         100            134.22            139.43            142.27

Test: 4
# OSU MPI Reduce Latency Test v7.3
# Datatype: MPI_CHAR.
# Size       Avg Latency(us)   Min Latency(us)   Max Latency(us)  Iterations  P50 Tail Lat(us)  P95 Tail Lat(us)  P99 Tail Lat(us)
1                       0.22              0.10              0.33        1000              0.21              0.27              0.33
2                       0.26              0.10              0.41        1000              0.25              0.30              0.37
4                       0.23              0.10              0.36        1000              0.22              0.28              0.34
8                       0.25              0.10              0.40        1000              0.25              0.30              0.36
16                      0.23              0.10              0.36        1000              0.22              0.28              0.34
32                      0.28              0.10              0.47        1000              0.27              0.37              0.41
64                      0.25              0.10              0.41        1000              0.25              0.34              0.39
128                     0.32              0.13              0.51        1000              0.31              0.37              0.40
256                     0.34              0.15              0.53        1000              0.32              0.40              0.47
512                     0.37              0.14              0.60        1000              0.36              0.42              0.47
1024                    0.43              0.15              0.70        1000              0.41              0.47              0.50
2048                    0.57              0.18              0.95        1000              0.55              0.59              0.62
4096                    0.85              0.33              1.37        1000              0.83              0.92              0.95
8192                    1.38              0.60              2.16        1000              1.36              1.45              1.49
16384                   3.73              2.49              4.97         100              2.61              7.48              7.71
32768                   4.58              3.33              5.83         100              4.44              4.56              4.59
65536                   8.26              6.52              9.99         100              8.21              8.41              8.48
131072                 15.47             13.06             17.88         100             15.43             15.68             17.83
262144                 23.49             17.53             29.45         100             23.35             23.83             27.38
524288                 56.28             40.15             72.41         100             55.96             58.89             61.10
1048576               134.10             89.20            179.01         100            132.52            137.04            160.09

Test: 5
# OSU MPI Reduce Latency Test v7.3
# Datatype: MPI_CHAR.
# Size       Avg Latency(us)   Min Latency(us)   Max Latency(us)  Iterations  P50 Tail Lat(us)  P95 Tail Lat(us)  P99 Tail Lat(us)
1                       0.23              0.10              0.36        1000              0.23              0.29              0.32
2                       0.25              0.10              0.40        1000              0.25              0.31              0.36
4                       0.26              0.10              0.42        1000              0.25              0.31              0.35
8                       0.26              0.10              0.42        1000              0.25              0.32              0.36
16                      0.26              0.10              0.41        1000              0.25              0.32              0.36
32                      0.29              0.10              0.47        1000              0.27              0.38              0.44
64                      0.28              0.10              0.46        1000              0.26              0.37              0.43
128                     0.32              0.13              0.50        1000              0.31              0.36              0.39
256                     0.34              0.14              0.54        1000              0.32              0.40              0.46
512                     0.38              0.14              0.62        1000              0.36              0.44              0.48
1024                    0.42              0.15              0.69        1000              0.41              0.46              0.50
2048                    0.56              0.18              0.94        1000              0.55              0.60              0.61
4096                    0.86              0.33              1.38        1000              0.84              0.91              0.96
8192                    1.39              0.61              2.17        1000              1.36              1.44              1.49
16384                   3.74              2.45              5.04         100              2.59              7.42              7.65
32768                   4.59              3.33              5.84         100              4.45              4.57              4.70
65536                   8.29              6.57             10.02         100              8.25              8.41              8.47
131072                 15.84             13.26             18.42         100             15.54             16.36             19.76
262144                 23.36             17.54             29.17         100             23.23             23.61             28.50
524288                 57.62             41.50             73.74         100             57.25             60.55             62.94
1048576               135.22             90.87            179.56         100            134.58            139.36            140.79

Procs: 4

Test: 1
# OSU MPI Reduce Latency Test v7.3
# Datatype: MPI_CHAR.
# Size       Avg Latency(us)   Min Latency(us)   Max Latency(us)  Iterations  P50 Tail Lat(us)  P95 Tail Lat(us)  P99 Tail Lat(us)
1                       1.17              0.24              1.96        1000              1.14              1.30              1.39
2                       1.18              0.25              1.97        1000              1.14              1.29              1.41
4                       1.18              0.24              1.96        1000              1.15              1.32              1.48
8                       1.18              0.25              1.97        1000              1.15              1.32              1.53
16                      1.17              0.24              1.97        1000              1.14              1.32              1.45
32                      1.57              0.25              2.77        1000              1.51              1.95              2.35
64                      1.47              0.25              2.57        1000              1.45              1.70              1.88
128                     2.28              0.34              3.98        1000              2.24              2.49              2.68
256                     2.39              0.35              4.07        1000              2.35              2.63              2.90
512                     2.69              0.36              4.61        1000              2.64              2.98              3.31
1024                    3.00              0.38              5.08        1000              2.97              3.35              3.50
2048                    4.37              0.54              6.96        1000              4.38              4.84              5.16
4096                    5.82              1.04              9.20        1000              5.83              6.50              6.79
8192                    9.20              1.78             14.60        1000              9.17              9.66             11.36
16384                  18.68              5.67             28.26         100             15.81             28.02             41.26
32768                  28.18             10.20             40.42         100             28.12             29.19             31.73
65536                  52.58             20.54             73.71         100             52.41             54.06             57.90
131072                100.75             39.18            137.66         100            100.43            105.15            105.59
262144                296.44            185.31            350.22         100            293.65            303.06            368.14
524288                773.06            350.76            968.72         100            770.60            787.21            824.35
1048576              1500.33            685.06           1873.62         100           1506.23           1551.44           1563.15

Test: 2
# OSU MPI Reduce Latency Test v7.3
# Datatype: MPI_CHAR.
# Size       Avg Latency(us)   Min Latency(us)   Max Latency(us)  Iterations  P50 Tail Lat(us)  P95 Tail Lat(us)  P99 Tail Lat(us)
1                       1.21              0.27              2.01        1000              1.18              1.37              1.49
2                       1.22              0.27              2.02        1000              1.18              1.36              1.50
4                       1.22              0.26              2.02        1000              1.18              1.40              1.55
8                       1.22              0.25              2.03        1000              1.19              1.38              1.58
16                      1.20              0.25              1.99        1000              1.17              1.36              1.45
32                      1.59              0.25              2.80        1000              1.53              2.06              2.34
64                      1.49              0.25              2.59        1000              1.45              1.76              1.94
128                     2.29              0.33              4.00        1000              2.26              2.50              2.75
256                     2.40              0.35              4.09        1000              2.36              2.67              2.88
512                     2.67              0.36              4.59        1000              2.64              2.97              3.15
1024                    3.03              0.36              5.14        1000              2.99              3.31              3.52
2048                    4.39              0.56              6.98        1000              4.39              4.83              5.24
4096                    5.86              1.07              9.23        1000              5.85              6.43              6.92
8192                    9.17              1.80             14.54        1000              9.14              9.56             11.98
16384                  18.42              5.66             27.80         100             15.58             28.84             34.86
32768                  28.19             10.27             40.42         100             28.05             28.93             32.70
65536                  52.51             20.58             73.62         100             52.34             54.85             57.03
131072                 99.56             38.68            136.31         100             99.34            104.26            104.71
262144                294.55            184.37            348.50         100            290.52            300.30            317.09
524288                773.69            347.14            972.35         100            771.89            786.71            808.70
1048576              1516.97            680.98           1900.17         100           1514.06           1587.44           1595.24

Test: 3
# OSU MPI Reduce Latency Test v7.3
# Datatype: MPI_CHAR.
# Size       Avg Latency(us)   Min Latency(us)   Max Latency(us)  Iterations  P50 Tail Lat(us)  P95 Tail Lat(us)  P99 Tail Lat(us)
1                       1.19              0.27              1.99        1000              1.15              1.32              1.55
2                       1.20              0.26              1.99        1000              1.16              1.34              1.46
4                       1.17              0.25              1.96        1000              1.15              1.32              1.41
8                       1.19              0.25              1.99        1000              1.16              1.33              1.48
16                      1.17              0.25              1.95        1000              1.14              1.30              1.38
32                      1.69              0.26              2.97        1000              1.64              2.14              2.39
64                      1.48              0.26              2.56        1000              1.43              1.73              1.85
128                     2.29              0.34              4.05        1000              2.26              2.50              2.75
256                     2.36              0.36              4.03        1000              2.33              2.60              2.75
512                     2.65              0.37              4.54        1000              2.60              2.91              3.11
1024                    3.01              0.41              5.12        1000              2.99              3.30              3.48
2048                    4.40              0.56              7.01        1000              4.37              4.82              5.29
4096                    5.82              1.06              9.22        1000              5.79              6.49              6.89
8192                    9.21              1.80             14.64        1000              9.17              9.69             11.89
16384                  18.61              5.91             28.01         100             15.81             28.71             41.20
32768                  28.12             10.36             40.26         100             28.05             29.24             31.95
65536                  52.33             20.75             73.34         100             52.18             54.79             57.20
131072                100.66             39.59            137.23         100            100.41            104.25            106.09
262144                295.30            185.14            349.52         100            289.71            308.31            390.70
524288                561.32            343.62            680.45         100            558.51            578.55            612.12
1048576              1489.76            680.98           1864.58         100           1489.67           1557.56           1575.85

Test: 4
# OSU MPI Reduce Latency Test v7.3
# Datatype: MPI_CHAR.
# Size       Avg Latency(us)   Min Latency(us)   Max Latency(us)  Iterations  P50 Tail Lat(us)  P95 Tail Lat(us)  P99 Tail Lat(us)
1                       1.18              0.26              1.95        1000              1.16              1.33              1.42
2                       1.18              0.26              1.96        1000              1.17              1.35              1.41
4                       1.18              0.26              1.95        1000              1.17              1.31              1.37
8                       1.20              0.26              2.00        1000              1.17              1.37              1.52
16                      1.18              0.26              1.95        1000              1.17              1.32              1.47
32                      1.53              0.26              2.68        1000              1.47              1.89              2.33
64                      1.48              0.26              2.60        1000              1.44              1.75              1.91
128                     2.30              0.36              3.99        1000              2.26              2.49              2.65
256                     2.38              0.37              4.04        1000              2.36              2.62              2.77
512                     2.67              0.37              4.57        1000              2.64              2.94              3.12
1024                    3.04              0.40              5.15        1000              3.01              3.35              3.65
2048                    4.39              0.57              6.96        1000              4.38              4.85              5.09
4096                    5.92              1.07              9.32        1000              5.83              6.64              7.17
8192                    9.23              1.84             14.61        1000              9.22              9.63             10.49
16384                  18.73              5.66             28.22         100             15.88             28.43             35.56
32768                  28.34             10.34             40.57         100             28.37             29.30             30.63
65536                  52.74             20.70             73.86         100             52.43             55.18             57.36
131072                 99.32             40.62            137.27         100             98.87            103.29            104.96
262144                165.22             65.51            222.85         100            163.32            172.81            189.37
524288                566.40            349.82            686.09         100            564.46            577.90            617.91
1048576              1487.41            681.09           1860.23         100           1486.07           1544.68           1570.21

Test: 5
# OSU MPI Reduce Latency Test v7.3
# Datatype: MPI_CHAR.
# Size       Avg Latency(us)   Min Latency(us)   Max Latency(us)  Iterations  P50 Tail Lat(us)  P95 Tail Lat(us)  P99 Tail Lat(us)
1                       1.21              0.25              2.01        1000              1.18              1.36              1.51
2                       1.21              0.25              2.00        1000              1.18              1.34              1.46
4                       1.20              0.25              2.00        1000              1.18              1.34              1.44
8                       1.21              0.26              2.00        1000              1.18              1.33              1.44
16                      1.20              0.25              2.00        1000              1.17              1.35              1.45
32                      1.59              0.25              2.75        1000              1.48              2.13              2.39
64                      1.51              0.26              2.65        1000              1.46              1.72              1.84
128                     2.28              0.35              3.98        1000              2.25              2.47              2.57
256                     2.40              0.36              4.08        1000              2.36              2.61              2.88
512                     2.68              0.38              4.58        1000              2.65              2.98              3.23
1024                    3.03              0.39              5.15        1000              3.00              3.34              3.51
2048                    4.38              0.56              6.99        1000              4.39              4.82              5.09
4096                    5.87              1.05              9.28        1000              5.82              6.56              8.07
8192                    9.24              1.80             14.68        1000              9.22              9.69             11.36
16384                  18.59              5.74             28.09         100             15.72             28.74             33.87
32768                  28.17             10.16             40.39         100             28.12             29.13             31.78
65536                  52.58             20.56             73.64         100             52.39             55.31             56.54
131072                 99.87             38.36            136.91         100             99.29            104.37            106.40
262144                166.77             67.99            224.29         100            165.08            171.52            174.08
524288                517.37            118.68            716.61         100            516.08            525.70            545.15
1048576              1481.03            671.26           1858.05         100           1488.00           1521.99           1534.58

Procs: 6

Test: 1
# OSU MPI Reduce Latency Test v7.3
# Datatype: MPI_CHAR.
# Size       Avg Latency(us)   Min Latency(us)   Max Latency(us)  Iterations  P50 Tail Lat(us)  P95 Tail Lat(us)  P99 Tail Lat(us)
1                       1.80              0.27              2.91        1000              1.76              2.02              2.23
2                       1.79              0.26              2.92        1000              1.76              1.98              2.20
4                       1.77              0.26              2.88        1000              1.76              1.97              2.33
8                       1.82              0.26              3.00        1000              1.77              2.01              2.19
16                      1.79              0.27              2.91        1000              1.75              1.98              2.55
32                      2.72              0.27              4.77        1000              2.61              3.40              3.75
64                      2.40              0.27              4.12        1000              2.32              2.96              3.41
128                     3.64              0.35              6.37        1000              3.58              3.89              4.30
256                     3.78              0.38              6.49        1000              3.73              4.10              4.56
512                     4.25              0.38              7.31        1000              4.22              4.61              4.90
1024                    4.84              0.38              8.39        1000              4.81              5.31              5.83
2048                    6.82              0.56             11.18        1000              6.91              7.57              8.43
4096                    9.21              1.07             15.21        1000              9.18             10.32             11.90
8192                   14.43              1.84             24.17        1000             14.47             15.08             17.14
16384                  28.09              5.65             45.61         100             23.97             42.70             51.48
32768                  42.51             10.25             66.84         100             42.64             44.07             45.80
65536                  78.83             20.70            122.20         100             78.80             81.69             82.74
131072                149.14             39.47            225.06         100            148.15            155.06            155.88
262144                494.64            133.85            710.38         100            493.43            501.71            516.06
524288               1121.57            290.51           1611.38         100           1122.20           1144.08           1148.70
1048576              2360.84            642.10           3377.92         100           2357.19           2463.72           2471.80

Test: 2
# OSU MPI Reduce Latency Test v7.3
# Datatype: MPI_CHAR.
# Size       Avg Latency(us)   Min Latency(us)   Max Latency(us)  Iterations  P50 Tail Lat(us)  P95 Tail Lat(us)  P99 Tail Lat(us)
1                       1.81              0.24              2.98        1000              1.77              2.00              2.20
2                       1.88              0.27              3.10        1000              1.77              1.95              2.39
4                       1.85              0.28              3.03        1000              1.77              1.99              2.20
8                       1.85              0.24              3.08        1000              1.78              2.01              3.35
16                      1.82              0.24              3.00        1000              1.77              2.01              2.82
32                      2.56              0.25              4.49        1000              2.47              3.24              3.75
64                      2.39              0.25              4.13        1000              2.31              2.91              3.22
128                     3.62              0.34              6.38        1000              3.58              3.89              4.35
256                     3.76              0.36              6.47        1000              3.73              4.10              4.40
512                     4.26              0.36              7.34        1000              4.23              4.61              5.02
1024                    4.82              0.38              8.30        1000              4.78              5.25              5.73
2048                    6.81              0.55             11.20        1000              6.88              7.56              8.43
4096                    9.21              1.05             15.22        1000              9.14             10.35             11.82
8192                   14.43              1.82             24.16        1000             14.45             15.04             17.60
16384                  28.20              5.74             45.66         100             23.89             45.09             50.44
32768                  42.29             10.22             66.61         100             42.27             43.81             45.77
65536                  78.42             20.43            121.82         100             78.39             81.30             82.15
131072                146.86             37.08            222.56         100            146.47            152.01            155.95
262144                493.03            138.21            702.54         100            491.66            498.87            539.82
524288               1105.13            291.33           1585.28         100           1105.19           1123.33           1130.47
1048576              2320.42            641.02           3314.72         100           2306.07           2400.35           2415.94

Test: 3
# OSU MPI Reduce Latency Test v7.3
# Datatype: MPI_CHAR.
# Size       Avg Latency(us)   Min Latency(us)   Max Latency(us)  Iterations  P50 Tail Lat(us)  P95 Tail Lat(us)  P99 Tail Lat(us)
1                       1.82              0.25              3.00        1000              1.79              2.00              2.23
2                       1.87              0.25              3.05        1000              1.78              2.01              2.24
4                       1.81              0.25              2.96        1000              1.78              2.00              2.19
8                       1.87              0.25              3.08        1000              1.79              2.02              3.47
16                      1.80              0.25              2.96        1000              1.77              1.99              2.33
32                      2.46              0.26              4.30        1000              2.32              3.13              3.53
64                      2.38              0.26              4.13        1000              2.29              3.01              3.42
128                     3.64              0.34              6.39        1000              3.58              3.86              4.24
256                     3.79              0.37              6.51        1000              3.75              4.13              4.62
512                     4.24              0.36              7.33        1000              4.22              4.60              5.10
1024                    4.83              0.38              8.32        1000              4.79              5.28              5.68
2048                    6.78              0.54             11.15        1000              6.89              7.48              7.83
4096                    9.20              1.05             15.25        1000              9.11             10.35             11.93
8192                   14.38              1.82             24.09        1000             14.41             14.99             17.43
16384                  28.12              5.64             45.55         100             23.85             45.07             52.35
32768                  42.40             10.25             66.85         100             42.43             44.02             46.80
65536                  78.53             20.56            122.04         100             78.37             81.46             83.65
131072                148.65             39.47            226.76         100            148.34            153.09            156.57
262144                486.49            131.70            698.94         100            484.93            498.21            525.67
524288               1105.04            287.79           1584.22         100           1104.30           1120.01           1124.18
1048576              2288.23            604.45           3268.73         100           2288.39           2335.83           2373.17

Test: 4
# OSU MPI Reduce Latency Test v7.3
# Datatype: MPI_CHAR.
# Size       Avg Latency(us)   Min Latency(us)   Max Latency(us)  Iterations  P50 Tail Lat(us)  P95 Tail Lat(us)  P99 Tail Lat(us)
1                       1.79              0.27              2.88        1000              1.77              1.97              2.09
2                       1.81              0.26              2.92        1000              1.77              2.00              2.61
4                       1.84              0.27              2.96        1000              1.77              1.97              2.20
8                       1.82              0.27              2.93        1000              1.78              1.96              3.18
16                      1.83              0.27              2.96        1000              1.78              1.97              3.89
32                      2.46              0.28              4.23        1000              2.31              3.29              3.47
64                      2.42              0.28              4.08        1000              2.33              2.97              3.32
128                     3.62              0.35              6.35        1000              3.56              3.85              4.27
256                     3.78              0.37              6.46        1000              3.74              4.09              4.41
512                     4.22              0.36              7.28        1000              4.18              4.56              4.89
1024                    4.83              0.38              8.31        1000              4.79              5.27              5.70
2048                    6.75              0.55             11.09        1000              6.85              7.48              7.80
4096                    9.15              1.07             15.16        1000              9.15             10.23             11.51
8192                   14.33              1.82             24.02        1000             14.35             14.98             17.59
16384                  27.93              5.70             45.25         100             23.70             44.49             51.66
32768                  42.09             10.14             66.27         100             42.09             43.73             45.81
65536                  78.20             20.59            121.44         100             78.33             81.63             82.85
131072                148.14             39.12            224.83         100            147.38            152.59            158.86
262144                483.99            130.78            693.85         100            483.32            489.59            496.22
524288               1097.64            284.65           1572.93         100           1095.86           1111.10           1113.70
1048576              2271.17            598.02           3243.91         100           2270.23           2319.20           2345.84

Test: 5
# OSU MPI Reduce Latency Test v7.3
# Datatype: MPI_CHAR.
# Size       Avg Latency(us)   Min Latency(us)   Max Latency(us)  Iterations  P50 Tail Lat(us)  P95 Tail Lat(us)  P99 Tail Lat(us)
1                       1.83              0.25              2.99        1000              1.82              2.03              2.16
2                       1.89              0.25              3.10        1000              1.81              2.02              2.35
4                       1.86              0.25              3.05        1000              1.81              2.03              2.25
8                       1.85              0.25              3.05        1000              1.81              2.03              2.21
16                      1.89              0.24              3.10        1000              1.82              2.03              3.88
32                      2.73              0.25              4.80        1000              2.66              3.25              3.69
64                      2.42              0.27              4.14        1000              2.32              3.07              3.54
128                     3.65              0.34              6.38        1000              3.59              3.89              4.23
256                     3.81              0.37              6.51        1000              3.77              4.14              4.46
512                     4.26              0.36              7.33        1000              4.21              4.60              5.00
1024                    4.88              0.40              8.38        1000              4.83              5.31              5.80
2048                    6.82              0.55             11.19        1000              6.91              7.58              8.36
4096                    9.23              1.06             15.31        1000              9.15             10.37             11.85
8192                   14.38              1.84             24.13        1000             14.38             15.04             17.69
16384                  28.01              5.84             45.34         100             23.62             42.91             51.30
32768                  42.15             10.37             66.32         100             42.13             44.08             46.23
65536                  78.29             20.80            121.48         100             78.26             81.00             83.15
131072                148.94             39.66            225.44         100            148.59            154.02            155.62
262144                478.37            129.05            687.28         100            477.94            484.64            495.58
524288               1092.48            284.31           1565.76         100           1092.36           1106.85           1108.45
1048576              2232.96            579.53           3199.63         100           2226.78           2262.09           2271.49

Procs: 8

Test: 1
# OSU MPI Reduce Latency Test v7.3
# Datatype: MPI_CHAR.
# Size       Avg Latency(us)   Min Latency(us)   Max Latency(us)  Iterations  P50 Tail Lat(us)  P95 Tail Lat(us)  P99 Tail Lat(us)
1                    3672.99              0.36           7983.53        1000           3500.02           4999.59           5252.86
2                    3883.35              0.31           8018.75        1000           3501.63           4999.36           5623.38
4                    3620.09              0.31           8016.78        1000           3499.88           4999.52           5034.07
8                    3653.01              0.33           7999.71        1000           3499.66           4999.58           5021.03
16                   3513.93              0.31           8030.70        1000           3499.76           4998.69           5000.45
32                   3545.38              0.31           8042.67        1000           3499.75           4999.12           5002.28
64                   3809.08              0.33           8028.80        1000           3501.05           4999.45           5622.22
128                  3524.84              0.46           8025.69        1000           3499.70           4999.08           5874.53
256                  3801.68              0.45           8012.70        1000           3502.23           4999.31           5255.86
512                  3946.83              0.48           8050.69        1000           3503.76           4999.13           5623.26
1024                 3740.16              0.48           8041.76        1000           3501.87           4998.88           5876.37
2048                 3747.64              0.81           8017.74        1000           3504.43           4998.69           5004.82
4096                 3644.96              1.48           7997.75        1000           3506.16           4998.47           5007.82
8192                 3714.31              2.40           8051.68        1000           3504.85           4995.51           5612.34
16384                3689.91              5.93           8038.06         100           3022.19           4513.39           4515.68
32768                4458.92             10.08           8037.90         100           4510.51           5001.98           5627.38
65536                3937.39             18.65           8038.00         100           3523.39           4519.43           4638.06
131072               3868.51             35.51           7955.70         100           3546.42           4994.22           4997.75
262144               4206.07            301.20           8005.32         100           4354.63           4860.81           5117.03
524288               4881.48            703.77           8085.03         100           4840.32           5516.91           5520.21
1048576              5278.71           1491.54           8378.22         100           5495.74           6401.58           7763.97

Test: 2
# OSU MPI Reduce Latency Test v7.3
# Datatype: MPI_CHAR.
# Size       Avg Latency(us)   Min Latency(us)   Max Latency(us)  Iterations  P50 Tail Lat(us)  P95 Tail Lat(us)  P99 Tail Lat(us)
1                    3631.41              0.35           7997.58        1000           3500.01           4999.41           5008.57
2                    3706.45              0.31           8018.79        1000           3500.13           4999.51           5002.86
4                    3754.17              0.31           8027.82        1000           3500.29           4999.62           5622.79
8                    3759.96              0.30           8033.78        1000           3500.16           4999.68           5380.20
16                   3692.54              0.30           8053.81        1000           3499.98           4999.36           5672.30
32                   4004.60              0.31           7999.79        1000           3501.86           4999.79           5622.94
64                   3541.56              0.32           7999.83        1000           3499.81           4999.31           5000.41
128                  3710.87              0.42           8000.65        1000           3500.71           4999.29           5022.34
256                  3791.43              0.45           8017.68        1000           3501.55           4999.57           5376.28
512                  3731.98              0.47           8020.66        1000           3501.04           4998.58           5254.86
1024                 3528.25              0.48           7982.76        1000           3500.33           4998.68           4999.94
2048                 3661.27              0.79           8037.70        1000           3500.60           4998.80           5376.60
4096                 3396.59              1.30           8050.68        1000           3462.20           4501.42           4999.48
8192                 3739.88              2.24           8045.98        1000           3509.63           4992.81           5260.91
16384                2816.42              5.13           7998.05         100           2516.44           3520.02           3521.93
32768                3668.31             10.56           8078.02         100           3507.38           4507.88           5237.57
65536                3958.50             18.54           8067.40         100           3519.67           4995.95           7353.32
131072               4346.44             34.65           8336.88         100           4530.63           5817.07           9992.61
262144               4322.09            303.77           7988.15         100           4355.43           4857.02           4865.45
524288               4661.73            676.54           8007.87         100           4821.07           5322.22           5559.17
1048576              5579.72           1509.14           8638.72         100           5520.84           7006.83           8960.40

Test: 3
# OSU MPI Reduce Latency Test v7.3
# Datatype: MPI_CHAR.
# Size       Avg Latency(us)   Min Latency(us)   Max Latency(us)  Iterations  P50 Tail Lat(us)  P95 Tail Lat(us)  P99 Tail Lat(us)
1                    4040.45              0.34           8014.66        1000           4498.01           4999.79           5878.55
2                    3809.85              0.29           8034.78        1000           3500.66           4999.76           5879.68
4                    3842.00              0.29           8011.76        1000           3500.82           4999.72           5608.47
8                    3757.31              0.29           8054.74        1000           3500.14           4999.81           5876.39
16                   3750.52              0.29           8025.72        1000           3500.46           4999.59           5493.73
32                   3860.57              0.29           8033.70        1000           3500.57           4999.42           5251.85
64                   3700.31              0.30           7998.49        1000           3500.02           4999.44           5375.55
128                  3848.33              0.42           8021.66        1000           3502.69           4999.28           5608.91
256                  3766.58              0.47           7997.65        1000           3501.05           4999.19           5256.94
512                  3614.38              0.47           8019.63        1000           3499.94           4999.00           5000.89
1024                 3455.21              0.49           8017.67        1000           3499.94           4998.18           5000.45
2048                 3401.30              0.77           8029.57        1000           3500.24           4997.77           5000.41
4096                 3378.30              1.36           8034.70        1000           3500.22           4995.74           5000.41
8192                 3543.24              2.26           8018.28        1000           3503.01           4993.09           5000.16
16384                3626.21              6.02           7997.39         100           3503.68           4996.99           6247.88
32768                3737.87              9.98           8027.96         100           3506.10           4997.55           5618.15
65536                3470.11             19.58           8029.37         100           3583.92           4513.04           4515.67
131072               3623.26             35.70           7958.21         100           3544.84           4996.52           6097.77
262144               4628.14            314.52           8027.19         100           4532.54           5515.08           6038.42
524288               5298.08            719.67           7980.91         100           5330.74           5786.69           5790.16
1048576              5098.23           1110.02           8394.46         100           4662.26           6439.32           6781.33

Test: 4
# OSU MPI Reduce Latency Test v7.3
# Datatype: MPI_CHAR.
# Size       Avg Latency(us)   Min Latency(us)   Max Latency(us)  Iterations  P50 Tail Lat(us)  P95 Tail Lat(us)  P99 Tail Lat(us)
1                    3615.06              0.36           8015.45        1000           3499.77           4999.43           5626.49
2                    3560.18              0.30           8033.53        1000           3499.80           4998.88           5002.01
4                    3707.32              0.30           7999.58        1000           3500.21           4999.67           5002.23
8                    3689.85              0.30           8033.59        1000           3500.02           4999.16           5002.05
16                   3700.41              0.30           8023.63        1000           3500.28           4999.40           5002.15
32                   3394.65              0.30           8022.53        1000           3001.98           4999.19           5001.15
64                   3710.17              0.31           7998.69        1000           3500.19           4999.34           5000.44
128                  3589.01              0.44           7998.69        1000           3499.90           4998.51           5000.22
256                  3593.55              0.43           8023.68        1000           3499.95           4998.71           5001.70
512                  3617.35              0.45           8025.64        1000           3500.48           4998.70           5000.51
1024                 3733.30              0.48           8009.67        1000           3501.64           4998.90           5001.17
2048                 3470.47              0.78           8003.44        1000           3500.48           4998.60           5000.14
4096                 3396.56              1.45           8048.55        1000           3500.02           4997.47           5871.53
8192                 3568.45              2.28           8033.85        1000           3504.17           4993.17           5764.89
16384                4092.76              5.75           7997.47         100           3548.72           5004.18           5009.90
32768                3452.54             10.36           8027.82         100           3043.51           4507.33           4509.86
65536                3552.85             19.80           8028.46         100           3522.70           4517.10           4522.92
131072               3780.25             35.36           8068.87         100           4165.83           4899.49           6028.64
262144               4538.63            321.02           8040.58         100           4522.27           5892.75           5902.85
524288               4773.90            749.64           8073.84         100           4572.51           5364.98           6046.97
1048576              5188.08           1629.24           7996.23         100           5513.98           5890.13           6054.88

Test: 5
# OSU MPI Reduce Latency Test v7.3
# Datatype: MPI_CHAR.
# Size       Avg Latency(us)   Min Latency(us)   Max Latency(us)  Iterations  P50 Tail Lat(us)  P95 Tail Lat(us)  P99 Tail Lat(us)
1                    3601.76              0.33           8020.52        1000           3499.67           4999.39           5622.16
2                    3670.18              0.29           8012.73        1000           3500.00           4999.13           5000.53
4                    3879.22              0.29           8028.73        1000           3501.15           4999.78           5502.36
8                    3690.29              0.29           8001.65        1000           3500.20           4999.33           5001.34
16                   3671.49              0.29           8011.69        1000           3500.18           4999.63           5255.13
32                   3546.43              0.29           8003.65        1000           3500.16           4999.05           5381.32
64                   3666.09              0.31           8000.67        1000           3500.61           4999.30           5000.85
128                  3811.94              0.42           8023.66        1000           3501.11           4999.06           5002.68
256                  3685.69              0.45           8000.62        1000           3500.35           4999.09           5000.50
512                  3732.87              0.45           8030.57        1000           3501.89           4998.87           5001.94
