
Algorithm: 1

Procs: 2

Test: 1
# OSU MPI Broadcast Latency Test v7.3
# Datatype: MPI_CHAR.
# Size       Avg Latency(us)   Min Latency(us)   Max Latency(us)  Iterations  P50 Tail Lat(us)  P95 Tail Lat(us)  P99 Tail Lat(us)
1                       0.18              0.10              0.27        1000              0.18              0.25              0.29
2                       0.24              0.14              0.33        1000              0.22              0.31              0.33
4                       0.20              0.11              0.28        1000              0.19              0.25              0.29
8                       0.24              0.14              0.33        1000              0.22              0.32              0.35
16                      0.20              0.11              0.28        1000              0.19              0.26              0.30
32                      0.27              0.13              0.41        1000              0.26              0.36              0.41
64                      0.25              0.12              0.39        1000              0.23              0.33              0.41
128                     0.34              0.18              0.50        1000              0.33              0.41              0.47
256                     0.34              0.18              0.50        1000              0.33              0.40              0.42
512                     0.40              0.20              0.59        1000              0.40              0.49              0.54
1024                    0.43              0.20              0.66        1000              0.43              0.47              0.49
2048                    0.57              0.23              0.90        1000              0.52              0.68              0.76
4096                    0.86              0.37              1.34        1000              0.85              0.89              0.91
8192                    1.35              0.65              2.05        1000              1.30              1.59              1.65
16384                   3.22              3.15              3.30         100              3.16              3.30              3.36
32768                   5.44              5.34              5.55         100              5.40              5.54              5.58
65536                   7.13              6.98              7.27         100              7.07              7.28              7.44
131072                 10.71             10.57             10.85         100             10.62             10.85             13.69
262144                 17.47             17.39             17.56         100             17.30             17.92             21.49
524288                 32.80             32.73             32.86         100             32.50             33.51             37.17
1048576                69.99             69.91             70.08         100             69.45             73.83             75.07

Test: 2
# OSU MPI Broadcast Latency Test v7.3
# Datatype: MPI_CHAR.
# Size       Avg Latency(us)   Min Latency(us)   Max Latency(us)  Iterations  P50 Tail Lat(us)  P95 Tail Lat(us)  P99 Tail Lat(us)
1                       0.19              0.10              0.27        1000              0.18              0.25              0.27
2                       0.26              0.15              0.38        1000              0.23              0.32              0.34
4                       0.20              0.11              0.29        1000              0.19              0.28              0.29
8                       0.25              0.16              0.34        1000              0.23              0.33              0.34
16                      0.20              0.12              0.29        1000              0.19              0.28              0.30
32                      0.29              0.14              0.43        1000              0.27              0.35              0.41
64                      0.25              0.12              0.39        1000              0.24              0.34              0.39
128                     0.34              0.18              0.50        1000              0.33              0.42              0.46
256                     0.34              0.17              0.50        1000              0.33              0.40              0.44
512                     0.39              0.19              0.60        1000              0.40              0.49              0.53
1024                    0.44              0.20              0.68        1000              0.43              0.48              0.50
2048                    0.57              0.23              0.92        1000              0.55              0.65              0.67
4096                    0.83              0.36              1.30        1000              0.80              0.99              1.04
8192                    1.39              0.66              2.13        1000              1.38              1.46              1.49
16384                   3.24              3.16              3.32         100              3.24              3.35              3.38
32768                   5.41              5.32              5.50         100              5.35              5.53              5.61
65536                   7.18              7.04              7.32         100              7.06              7.26             11.37
131072                 10.60             10.46             10.73         100             10.41             10.72             14.58
262144                 17.52             17.44             17.59         100             17.38             17.91             21.28
524288                 32.78             32.70             32.87         100             32.52             33.77             38.06
1048576                69.43             69.41             69.45         100             68.91             72.66             73.93

Test: 3
# OSU MPI Broadcast Latency Test v7.3
# Datatype: MPI_CHAR.
# Size       Avg Latency(us)   Min Latency(us)   Max Latency(us)  Iterations  P50 Tail Lat(us)  P95 Tail Lat(us)  P99 Tail Lat(us)
1                       0.19              0.10              0.28        1000              0.18              0.26              0.28
2                       0.24              0.14              0.33        1000              0.23              0.30              0.33
4                       0.21              0.10              0.32        1000              0.19              0.24              0.27
8                       0.25              0.15              0.35        1000              0.22              0.28              0.32
16                      0.20              0.11              0.29        1000              0.19              0.28              0.31
32                      0.29              0.15              0.43        1000              0.27              0.40              0.45
64                      0.24              0.12              0.37        1000              0.23              0.31              0.36
128                     0.33              0.16              0.49        1000              0.32              0.40              0.41
256                     0.33              0.16              0.50        1000              0.32              0.41              0.43
512                     0.39              0.18              0.59        1000              0.38              0.45              0.49
1024                    0.43              0.20              0.67        1000              0.42              0.50              0.52
2048                    0.57              0.22              0.92        1000              0.54              0.68              0.72
4096                    0.86              0.37              1.34        1000              0.86              0.93              0.96
8192                    1.41              0.66              2.16        1000              1.38              1.56              1.61
16384                   3.30              3.22              3.37         100              3.23              3.42              3.47
32768                   5.37              5.26              5.47         100              5.34              5.53              5.62
65536                   7.13              6.99              7.27         100              7.08              7.23              7.63
131072                 10.73             10.61             10.86         100             10.60             11.11             13.54
262144                 17.49             17.38             17.60         100             17.24             18.29             21.44
524288                 32.68             32.58             32.77         100             32.34             33.97             37.35
1048576                66.19             66.16             66.22         100             65.65             69.86             71.15

Test: 4
# OSU MPI Broadcast Latency Test v7.3
# Datatype: MPI_CHAR.
# Size       Avg Latency(us)   Min Latency(us)   Max Latency(us)  Iterations  P50 Tail Lat(us)  P95 Tail Lat(us)  P99 Tail Lat(us)
1                       0.19              0.10              0.28        1000              0.18              0.27              0.28
2                       0.23              0.14              0.33        1000              0.23              0.31              0.34
4                       0.21              0.11              0.30        1000              0.20              0.28              0.30
8                       0.24              0.14              0.34        1000              0.23              0.30              0.34
16                      0.21              0.12              0.30        1000              0.20              0.29              0.31
32                      0.29              0.14              0.43        1000              0.28              0.37              0.45
64                      0.25              0.12              0.39        1000              0.24              0.32              0.39
128                     0.34              0.19              0.49        1000              0.34              0.40              0.43
256                     0.35              0.18              0.52        1000              0.34              0.41              0.46
512                     0.40              0.19              0.60        1000              0.40              0.47              0.53
1024                    0.46              0.23              0.69        1000              0.45              0.51              0.53
2048                    0.60              0.28              0.93        1000              0.58              0.70              0.76
4096                    0.87              0.39              1.36        1000              0.86              0.95              0.98
8192                    1.34              0.67              2.02        1000              1.31              1.58              1.65
16384                   3.13              3.07              3.19         100              3.14              3.27              3.32
32768                   5.39              5.28              5.50         100              5.34              5.46              5.70
65536                   7.05              6.94              7.16         100              6.97              7.19              7.38
131072                 10.40             10.29             10.52         100             10.34             10.67             11.50
262144                 17.50             17.42             17.58         100             17.08             17.85             29.35
524288                 32.84             32.75             32.92         100             32.47             34.18             38.46
1048576                69.41             69.33             69.48         100             68.80             72.69             74.82

Test: 5
# OSU MPI Broadcast Latency Test v7.3
# Datatype: MPI_CHAR.
# Size       Avg Latency(us)   Min Latency(us)   Max Latency(us)  Iterations  P50 Tail Lat(us)  P95 Tail Lat(us)  P99 Tail Lat(us)
1                       0.19              0.10              0.28        1000              0.17              0.27              0.28
2                       0.23              0.13              0.33        1000              0.22              0.30              0.32
4                       0.20              0.11              0.29        1000              0.19              0.28              0.29
8                       0.23              0.13              0.33        1000              0.22              0.31              0.32
16                      0.20              0.11              0.29        1000              0.19              0.28              0.30
32                      0.29              0.14              0.44        1000              0.29              0.38              0.43
64                      0.25              0.11              0.38        1000              0.25              0.30              0.36
128                     0.32              0.16              0.48        1000              0.32              0.38              0.40
256                     0.33              0.16              0.51        1000              0.32              0.41              0.44
512                     0.35              0.15              0.56        1000              0.35              0.40              0.43
1024                    0.43              0.21              0.66        1000              0.41              0.50              0.52
2048                    0.56              0.21              0.90        1000              0.54              0.64              0.68
4096                    0.85              0.41              1.29        1000              0.81              0.99              1.07
8192                    1.39              0.64              2.14        1000              1.37              1.43              1.51
16384                   3.24              3.17              3.32         100              3.24              3.39              3.46
32768                   5.46              5.36              5.55         100              5.43              5.62              5.78
65536                   7.16              7.04              7.27         100              7.09              7.32              7.43
131072                 10.65             10.53             10.78         100             10.58             10.91             11.59
262144                 17.43             17.34             17.51         100             17.25             17.94             20.76
524288                 32.80             32.72             32.88         100             32.43             33.82             38.36
1048576                65.75             65.69             65.81         100             65.20             69.57             70.50

Procs: 4

Test: 1
# OSU MPI Broadcast Latency Test v7.3
# Datatype: MPI_CHAR.
# Size       Avg Latency(us)   Min Latency(us)   Max Latency(us)  Iterations  P50 Tail Lat(us)  P95 Tail Lat(us)  P99 Tail Lat(us)
1                       0.34              0.33              0.35        1000              0.28              0.59              0.68
2                       0.35              0.33              0.37        1000              0.29              0.58              0.65
4                       0.38              0.37              0.39        1000              0.41              0.58              0.63
8                       0.37              0.36              0.39        1000              0.32              0.55              0.68
16                      0.40              0.39              0.40        1000              0.40              0.54              0.61
32                      0.67              0.58              0.80        1000              0.61              1.09              1.17
64                      0.59              0.51              0.72        1000              0.55              0.96              1.04
128                     1.05              0.85              1.41        1000              1.02              1.30              1.41
256                     1.13              0.93              1.48        1000              1.10              1.38              1.65
512                     1.33              1.06              1.79        1000              1.31              1.60              1.77
1024                    1.57              1.29              2.13        1000              1.54              1.85              2.03
2048                    2.41              2.11              3.27        1000              2.38              2.79              3.02
4096                    3.45              2.99              4.54        1000              3.41              3.80              4.08
8192                    5.93              5.06              7.83        1000              5.88              6.21              6.48
16384                   8.00              6.35              9.13         100              7.79             10.60             13.11
32768                  11.78             11.21             12.72         100             11.24             15.77             16.42
65536                  18.52             17.25             20.01         100             18.09             23.35             25.84
131072                 34.60             32.78             36.92         100             33.68             41.16             44.90
262144                 67.63             64.86             71.09         100             65.14             87.19             93.18
524288                139.71            134.13            145.28         100            137.10            173.39            203.15
1048576               309.21            300.10            316.65         100            302.31            384.83            404.09

Test: 2
# OSU MPI Broadcast Latency Test v7.3
# Datatype: MPI_CHAR.
# Size       Avg Latency(us)   Min Latency(us)   Max Latency(us)  Iterations  P50 Tail Lat(us)  P95 Tail Lat(us)  P99 Tail Lat(us)
1                       0.29              0.29              0.30        1000              0.25              0.52              0.60
2                       0.33              0.31              0.34        1000              0.26              0.54              0.66
4                       0.31              0.30              0.32        1000              0.25              0.54              0.57
8                       0.31              0.30              0.32        1000              0.25              0.50              0.63
16                      0.36              0.35              0.37        1000              0.36              0.54              0.68
32                      0.59              0.49              0.70        1000              0.49              1.13              1.21
64                      0.55              0.46              0.66        1000              0.51              0.86              0.97
128                     1.02              0.83              1.37        1000              1.00              1.25              1.39
256                     1.06              0.86              1.43        1000              1.04              1.32              1.48
512                     1.24              0.96              1.68        1000              1.22              1.53              1.67
1024                    1.53              1.24              2.09        1000              1.47              1.89              2.22
2048                    2.39              2.07              3.25        1000              2.36              2.75              2.94
4096                    3.68              3.22              4.85        1000              3.62              4.07              4.31
8192                    5.70              4.84              7.59        1000              5.67              6.02              6.39
16384                   8.86              7.93              9.89         100              8.80             11.59             12.99
32768                  12.85             11.63             13.98         100             12.69             15.89             17.24
65536                  20.35             18.69             21.82         100             20.68             24.55             28.38
131072                 36.90             34.57             39.04         100             36.32             44.95             50.71
262144                 74.26             70.43             77.08         100             71.95             97.26             98.81
524288                139.43            136.28            144.04         100            136.67            174.43            183.93
1048576               284.08            280.87            291.79         100            280.66            375.89            403.57

Test: 3
# OSU MPI Broadcast Latency Test v7.3
# Datatype: MPI_CHAR.
# Size       Avg Latency(us)   Min Latency(us)   Max Latency(us)  Iterations  P50 Tail Lat(us)  P95 Tail Lat(us)  P99 Tail Lat(us)
1                       0.32              0.30              0.33        1000              0.25              0.58              0.66
2                       0.32              0.31              0.33        1000              0.26              0.56              0.62
4                       0.34              0.34              0.35        1000              0.26              0.58              0.61
8                       0.31              0.31              0.32        1000              0.26              0.51              0.61
16                      0.38              0.38              0.39        1000              0.39              0.56              0.59
32                      0.54              0.46              0.65        1000              0.39              1.07              1.18
64                      0.51              0.42              0.62        1000              0.45              0.90              0.95
128                     1.03              0.85              1.37        1000              1.01              1.25              1.38
256                     1.10              0.90              1.44        1000              1.07              1.41              1.58
512                     1.27              1.00              1.69        1000              1.24              1.61              1.82
1024                    1.59              1.30              2.15        1000              1.52              2.00              2.27
2048                    2.44              2.14              3.27        1000              2.43              2.86              3.05
4096                    3.47              3.05              4.52        1000              3.44              3.80              3.93
8192                    5.93              5.08              7.77        1000              5.89              6.29              6.64
16384                   7.52              6.23              8.65         100              7.38             10.29             10.82
32768                  12.38             11.59             13.50         100             12.11             15.21             16.28
65536                  18.76             17.88             20.38         100             18.48             23.06             24.90
131072                 35.77             34.27             38.09         100             34.64             44.99             48.59
262144                 67.81             64.40             71.36         100             65.37             87.80             97.58
524288                145.95            139.74            152.10         100            143.01            180.29            198.30
1048576               333.53            320.83            343.76         100            332.03            389.75            406.41

Test: 4
# OSU MPI Broadcast Latency Test v7.3
# Datatype: MPI_CHAR.
# Size       Avg Latency(us)   Min Latency(us)   Max Latency(us)  Iterations  P50 Tail Lat(us)  P95 Tail Lat(us)  P99 Tail Lat(us)
1                       0.31              0.30              0.33        1000              0.26              0.58              0.64
2                       0.32              0.31              0.33        1000              0.26              0.55              0.60
4                       0.33              0.32              0.34        1000              0.28              0.55              0.61
8                       0.32              0.31              0.33        1000              0.26              0.55              0.58
16                      0.34              0.34              0.35        1000              0.36              0.50              0.60
32                      0.57              0.47              0.68        1000              0.50              0.97              1.16
64                      0.52              0.45              0.63        1000              0.47              0.92              1.04
128                     1.01              0.83              1.38        1000              0.98              1.22              1.42
256                     1.09              0.88              1.45        1000              1.07              1.28              1.47
512                     1.26              0.99              1.71        1000              1.25              1.53              1.69
1024                    1.55              1.24              2.10        1000              1.51              1.87              2.14
2048                    2.38              2.07              3.24        1000              2.38              2.72              2.89
4096                    3.47              2.99              4.57        1000              3.42              3.78              4.01
8192                    5.84              4.97              7.73        1000              5.83              6.12              6.39
16384                   8.52              7.68              9.48         100              8.03             11.63             16.85
32768                  12.40             11.24             13.43         100             12.28             14.79             15.45
65536                  20.16             17.90             21.70         100             20.02             24.41             28.54
131072                 35.82             33.19             37.98         100             34.79             44.10             47.07
262144                 72.01             68.16             75.07         100             71.12             91.86            103.68
524288                141.63            137.52            146.79         100            140.28            180.33            195.77
1048576               308.42            304.00            315.96         100            306.09            366.87            402.91

Test: 5
# OSU MPI Broadcast Latency Test v7.3
# Datatype: MPI_CHAR.
# Size       Avg Latency(us)   Min Latency(us)   Max Latency(us)  Iterations  P50 Tail Lat(us)  P95 Tail Lat(us)  P99 Tail Lat(us)
1                       0.34              0.32              0.34        1000              0.26              0.58              0.66
2                       0.32              0.29              0.34        1000              0.25              0.56              0.63
4                       0.34              0.32              0.36        1000              0.27              0.56              0.61
8                       0.33              0.32              0.35        1000              0.27              0.55              0.59
16                      0.35              0.35              0.36        1000              0.37              0.55              0.61
32                      0.63              0.53              0.77        1000              0.59              1.13              1.21
64                      0.58              0.47              0.72        1000              0.57              0.94              1.01
128                     1.00              0.81              1.33        1000              0.97              1.16              1.36
256                     1.08              0.86              1.47        1000              1.05              1.26              1.51
512                     1.29              1.00              1.77        1000              1.26              1.53              1.64
1024                    1.48              1.20              2.03        1000              1.45              1.77              1.95
2048                    2.38              2.08              3.22        1000              2.40              2.72              2.90
4096                    3.67              3.19              4.85        1000              3.65              4.08              4.27
8192                    5.89              5.08              7.76        1000              5.86              6.20              6.67
16384                   8.05              6.54              9.35         100              7.74             11.29             16.46
32768                  11.79             11.09             12.98         100             10.95             15.82             17.39
65536                  19.20             18.28             20.97         100             18.91             25.07             25.55
131072                 37.03             35.47             39.77         100             35.69             47.01             48.66
262144                 69.49             67.29             73.34         100             66.56             87.13             88.80
524288                157.22            152.79            162.41         100            152.36            204.13            205.81
1048576               345.60            325.39            356.30         100            345.30            407.97            416.12

Procs: 6

Test: 1
# OSU MPI Broadcast Latency Test v7.3
# Datatype: MPI_CHAR.
# Size       Avg Latency(us)   Min Latency(us)   Max Latency(us)  Iterations  P50 Tail Lat(us)  P95 Tail Lat(us)  P99 Tail Lat(us)
1                       0.61              0.60              0.62        1000              0.58              0.84              0.90
2                       0.63              0.62              0.64        1000              0.60              0.78              0.82
4                       0.63              0.62              0.65        1000              0.60              0.76              0.81
8                       0.69              0.64              0.76        1000              0.60              0.76              0.83
16                      0.63              0.62              0.65        1000              0.60              0.77              0.83
32                      0.90              0.79              1.04        1000              0.89              1.32              1.44
64                      0.90              0.79              1.04        1000              0.87              1.18              1.34
128                     1.60              1.15              2.19        1000              1.56              1.84              1.95
256                     1.64              1.16              2.25        1000              1.60              1.88              2.08
512                     1.85              1.29              2.53        1000              1.80              2.16              2.41
1024                    2.25              1.56              3.13        1000              2.21              2.71              2.97
2048                    3.44              2.39              4.79        1000              3.45              3.82              3.99
4096                    4.73              3.18              6.58        1000              4.69              5.13              5.38
8192                    7.81              5.08             11.07        1000              7.78              8.13              8.62
16384                  10.33              6.93             12.94         100             10.33             13.50             14.68
32768                  16.83             11.10             20.32         100             16.59             20.71             22.37
65536                  32.53             25.53             36.80         100             32.08             39.70             42.32
131072                 65.18             53.56             70.44         100             64.38             74.86             76.87
262144                131.33            121.21            137.65         100            129.39            151.79            155.77
524288                264.38            252.74            273.26         100            260.48            318.23            328.02
1048576               463.93            421.12            497.74         100            466.20            545.08            569.03

Test: 2
# OSU MPI Broadcast Latency Test v7.3
# Datatype: MPI_CHAR.
# Size       Avg Latency(us)   Min Latency(us)   Max Latency(us)  Iterations  P50 Tail Lat(us)  P95 Tail Lat(us)  P99 Tail Lat(us)
1                       0.62              0.61              0.64        1000              0.59              0.83              0.90
2                       0.64              0.63              0.66        1000              0.61              0.78              0.87
4                       0.68              0.62              0.77        1000              0.60              0.78              0.84
8                       0.64              0.62              0.66        1000              0.62              0.75              0.90
16                      0.63              0.62              0.66        1000              0.60              0.74              0.78
32                      0.96              0.84              1.05        1000              0.99              1.21              1.45
64                      0.93              0.82              1.05        1000              0.89              1.14              1.30
128                     1.59              1.18              2.12        1000              1.54              1.85              2.05
256                     1.64              1.18              2.22        1000              1.60              1.90              2.11
512                     1.85              1.31              2.54        1000              1.80              2.20              2.49
1024                    2.26              1.56              3.12        1000              2.23              2.60              2.91
2048                    3.41              2.39              4.77        1000              3.39              3.82              4.08
4096                    5.07              3.38              7.06        1000              5.04              5.49              5.70
8192                    7.60              5.09             10.60        1000              7.56              7.91              8.80
16384                  10.57              6.63             13.15         100             10.23             13.63             17.94
32768                  17.11             10.86             20.49         100             17.12             21.25             22.30
65536                  32.62             22.59             37.01         100             32.30             39.06             42.88
131072                 66.39             55.24             71.43         100             66.46             76.30             79.57
262144                132.90            121.95            139.05         100            131.95            150.74            162.44
524288                257.25            244.12            264.00         100            254.32            299.32            309.67
1048576               408.87            369.86            446.23         100            406.07            501.01            530.08

Test: 3
# OSU MPI Broadcast Latency Test v7.3
# Datatype: MPI_CHAR.
# Size       Avg Latency(us)   Min Latency(us)   Max Latency(us)  Iterations  P50 Tail Lat(us)  P95 Tail Lat(us)  P99 Tail Lat(us)
1                       0.62              0.61              0.64        1000              0.59              0.83              0.93
2                       0.64              0.63              0.65        1000              0.60              0.78              0.84
4                       0.62              0.61              0.65        1000              0.61              0.73              0.77
8                       0.63              0.62              0.64        1000              0.60              0.75              0.78
16                      0.63              0.62              0.65        1000              0.60              0.75              0.82
32                      0.93              0.79              1.06        1000              0.91              1.26              1.44
64                      0.88              0.78              1.01        1000              0.80              1.26              1.36
128                     1.58              1.14              2.15        1000              1.53              1.78              1.97
256                     1.64              1.19              2.23        1000              1.60              1.87              2.07
512                     1.87              1.26              2.60        1000              1.83              2.19              2.40
1024                    2.29              1.59              3.15        1000              2.24              2.73              2.96
2048                    3.41              2.38              4.76        1000              3.40              3.81              4.06
4096                    5.07              3.36              7.08        1000              5.02              5.44              5.77
8192                    7.69              5.02             10.83        1000              7.67              8.08              8.38
16384                  10.83              7.89             13.38         100             10.64             14.33             14.96
32768                  17.98             12.62             21.29         100             17.51             22.84             25.41
65536                  33.50             25.47             38.01         100             33.61             39.77             40.98
131072                 68.30             58.93             73.73         100             66.82             81.50             87.83
262144                135.22            125.40            142.02         100            134.41            159.78            166.61
524288                267.72            255.94            275.89         100            263.28            323.91            360.50
1048576               427.69            388.63            463.50         100            418.15            545.17            557.40

Test: 4
# OSU MPI Broadcast Latency Test v7.3
# Datatype: MPI_CHAR.
# Size       Avg Latency(us)   Min Latency(us)   Max Latency(us)  Iterations  P50 Tail Lat(us)  P95 Tail Lat(us)  P99 Tail Lat(us)
1                       0.60              0.59              0.62        1000              0.58              0.85              0.88
2                       0.62              0.60              0.64        1000              0.59              0.76              0.82
4                       0.63              0.62              0.65        1000              0.59              0.76              0.82
8                       0.77              0.74              0.83        1000              0.60              0.74              0.83
16                      0.62              0.60              0.64        1000              0.60              0.73              0.78
32                      0.90              0.76              1.02        1000              0.88              1.30              1.46
64                      0.95              0.83              1.06        1000              0.89              1.25              1.44
128                     1.56              1.12              2.14        1000              1.53              1.76              1.89
256                     1.63              1.17              2.23        1000              1.59              1.85              2.08
512                     1.84              1.27              2.52        1000              1.79              2.15              2.49
1024                    2.28              1.58              3.16        1000              2.23              2.62              2.93
2048                    3.43              2.38              4.80        1000              3.42              3.80              4.06
4096                    5.10              3.36              7.10        1000              5.06              5.49              5.80
8192                    7.61              5.04             10.60        1000              7.57              7.93              8.30
16384                  10.79              7.85             13.31         100             10.23             14.55             16.22
32768                  17.55             12.82             21.02         100             17.34             22.64             25.47
65536                  32.93             27.90             37.41         100             32.34             40.63             45.46
131072                 53.32             38.26             62.02         100             52.39             64.51             67.88
262144                103.21             79.38            121.02         100            101.59            125.27            138.93
524288                221.30            170.56            248.78         100            216.94            266.97            284.26
1048576               411.83            358.24            460.51         100            409.93            498.80            527.08

Test: 5
# OSU MPI Broadcast Latency Test v7.3
# Datatype: MPI_CHAR.
# Size       Avg Latency(us)   Min Latency(us)   Max Latency(us)  Iterations  P50 Tail Lat(us)  P95 Tail Lat(us)  P99 Tail Lat(us)
1                       0.64              0.63              0.66        1000              0.60              0.91              0.93
2                       0.64              0.63              0.66        1000              0.61              0.82              0.85
4                       0.64              0.63              0.67        1000              0.61              0.78              0.83
8                       0.66              0.64              0.68        1000              0.62              0.80              0.89
16                      0.64              0.63              0.67        1000              0.62              0.75              0.80
32                      0.95              0.80              1.10        1000              0.86              1.22              1.57
64                      0.86              0.76              0.99        1000              0.79              1.18              1.42
128                     1.57              1.13              2.15        1000              1.55              1.80              1.94
256                     1.66              1.24              2.24        1000              1.61              1.86              2.13
512                     1.86              1.29              2.56        1000              1.83              2.20              2.39
1024                    2.30              1.59              3.17        1000              2.26              2.66              2.89
2048                    3.46              2.40              4.83        1000              3.41              3.85              4.08
4096                    5.01              3.29              7.04        1000              4.97              5.38              5.71
8192                    8.07              5.28             11.37        1000              8.04              8.38              9.02
16384                  10.05              6.43             12.56         100              9.89             13.22             13.91
32768                  16.97             10.85             20.58         100             17.02             21.15             23.52
65536                  31.88             23.70             36.78         100             31.04             38.46             42.65
131072                 65.82             52.38             71.72         100             64.75             78.08             81.43
262144                130.83            120.93            137.31         100            127.73            151.81            163.69
524288                266.17            250.31            275.14         100            260.91            312.70            332.65
1048576               470.82            422.14            509.73         100            469.56            560.55            607.05

Procs: 8

Test: 1
# OSU MPI Broadcast Latency Test v7.3
# Datatype: MPI_CHAR.
# Size       Avg Latency(us)   Min Latency(us)   Max Latency(us)  Iterations  P50 Tail Lat(us)  P95 Tail Lat(us)  P99 Tail Lat(us)
1                    2104.82              1.34           3271.32        1000           3499.67           4000.75           4008.15
2                    2412.22              1.36           4051.05        1000           3500.30           4000.96           4125.09
4                    1533.08              1.32           2324.66        1000              1.30           4000.51           4003.05
8                    2011.50              1.32           3199.90        1000           3499.12           4000.72           4875.18
16                   1563.02              1.31           2471.48        1000              1.31           4000.48           4001.93
32                   1613.13              1.47           2245.75        1000              1.82           4000.78           4001.89
64                   2285.50              1.50           4004.45        1000           3500.23           4001.13           4002.76
128                  1976.98              3.47           2951.02        1000           3500.20           4001.95           4003.67
256                  1565.59              3.47           2616.63        1000              2.85           4001.79           4002.91
512                  2105.40              3.67           3257.68        1000           3501.11           4002.34           4252.32
1024                 1916.88              4.60           3380.19        1000           3144.24           4002.80           4377.71
2048                 2171.47              6.69           3469.75        1000           3503.06           4004.32           4015.73
4096                 2060.38              9.42           3572.43        1000           3504.45           4006.11           4254.93
8192                 1732.94             14.45           2908.51        1000             10.90           4008.64           4010.17
16384                1913.24             12.30           5961.61         100           1007.50           4005.03           4735.82
32768                1941.54             98.51           5642.70         100           1013.83           4008.97           4010.36
65536                1750.99             43.95           7072.75         100           1029.21           4021.62           4024.21
131072               1043.27             39.42           7928.52         100           1046.32           1068.50           1172.67
262144               1333.45            128.73           6565.57         100           1085.97           4077.37           4091.80
524288               1222.31            194.51           8008.34         100           1219.27           1271.78           1484.87
1048576              1543.27            432.20           6585.30         100           1296.89           4248.27           4299.63

Test: 2
# OSU MPI Broadcast Latency Test v7.3
# Datatype: MPI_CHAR.
# Size       Avg Latency(us)   Min Latency(us)   Max Latency(us)  Iterations  P50 Tail Lat(us)  P95 Tail Lat(us)  P99 Tail Lat(us)
1                    1510.10              1.36           2467.48        1000              1.30           4000.53           4126.59
2                    1955.04              1.35           3159.24        1000           3496.94           4000.57           4003.10
4                    2034.20              1.29           3436.16        1000           3499.36           4001.08           4251.82
8                    1039.00              1.23           1662.63        1000              1.09           3999.44           4001.01
16                   1692.87              1.25           2616.44        1000              1.34           4000.67           4002.58
32                   1973.41              1.47           3581.50        1000           3498.82           4000.95           4250.53
64                   1827.96              1.45           2829.64        1000              2.16           4000.81           4002.90
128                  1508.15              3.44           2677.44        1000              2.86           4001.62           4002.56
256                  1603.52              3.45           2840.68        1000              2.84           4001.89           4234.34
512                  2146.18              3.65           3677.11        1000           3501.13           4002.18           4004.43
1024                 1969.23              4.65           2991.66        1000           3500.89           4002.92           4004.89
2048                 1857.93              6.69           3363.55        1000           3253.83           4003.60           4004.92
4096                 1927.84              9.04           3008.33        1000           3503.42           4005.43           4006.81
8192                 1777.13             14.57           2896.29        1000             11.01           4008.94           4015.33
16384                2152.79            169.80           6362.07         100           1007.88           4003.10           8001.38
32768                1285.52             19.97           6270.62         100           1011.90           4006.29           4007.81
65536                2375.48            112.71           4826.82         100           1033.03           4022.69           4766.82
131072               2209.51             71.54           5569.27         100           1046.14           4047.80           4051.52
262144               1769.25            120.31           6504.91         100           1091.90           4095.75           4112.07
524288               1640.44            283.88           7440.70         100           1184.03           4179.91           4212.21
1048576              2193.28            434.73           5155.86         100           1377.26           4345.90           4367.32

Test: 3
# OSU MPI Broadcast Latency Test v7.3
# Datatype: MPI_CHAR.
# Size       Avg Latency(us)   Min Latency(us)   Max Latency(us)  Iterations  P50 Tail Lat(us)  P95 Tail Lat(us)  P99 Tail Lat(us)
1                    2154.57              1.36           3221.26        1000           3499.73           4001.10           4249.41
2                    1720.88              1.32           2853.78        1000              1.39           4000.92           4002.75
4                    2086.25              1.33           3126.09        1000           3499.64           4000.86           4011.24
8                    1963.78              1.30           3078.27        1000           3498.94           4000.68           4002.28
16                   1832.41              1.28           3117.44        1000           2014.18           4000.35           4001.95
32                   2238.60              1.42           3874.17        1000           3500.07           4001.16           4003.87
64                   1598.53              1.41           2395.62        1000              1.50           4000.76           4002.79
128                  1715.66              3.45           2911.47        1000              2.89           4001.87           4003.62
256                  2680.58              3.56           4474.11        1000           3502.19           4002.61           4251.25
512                  2208.73              3.73           3596.46        1000           3501.47           4002.54           4126.55
1024                 1773.63              4.70           2814.31        1000              4.17           4002.96           4004.48
2048                 2037.56              6.68           3459.92        1000           3502.55           4004.40           4009.93
4096                 2340.73              9.35           3810.63        1000           3504.94           4005.59           4129.93
8192                 2076.90             14.52           3460.02        1000           3507.56           4009.14           4012.08
16384                1788.58             11.21           6980.89         100           1007.77           4004.36           4248.56
32768                1250.58             20.02           6530.65         100           1012.06           4006.18           4008.54
65536                2402.19             34.69           6165.53         100           1030.74           4021.80           4023.48
131072               1307.80             65.39           6463.09         100           1043.56           4032.94           4036.97
262144               2584.48            145.79           5381.23         100           4066.69           4104.98           4107.98
524288               2592.02            320.77           6215.19         100           1234.18           4178.19           4197.21
1048576              2408.92            457.99           5003.68         100           1374.97           4326.00           5020.30

Test: 4
# OSU MPI Broadcast Latency Test v7.3
# Datatype: MPI_CHAR.
# Size       Avg Latency(us)   Min Latency(us)   Max Latency(us)  Iterations  P50 Tail Lat(us)  P95 Tail Lat(us)  P99 Tail Lat(us)
1                    1782.84              1.39           3057.78        1000              1.60           4000.69           4002.89
2                    1454.33              1.33           2220.61        1000              1.19           4000.57           4009.74
4                    1571.62              1.35           2459.03        1000              1.29           4000.57           4002.06
8                    1574.95              1.28           2868.43        1000              1.23           4000.28           4001.93
16                   1832.04              1.32           2574.78        1000              1.45           4001.13           4250.68
32                   1872.14              1.51           2738.69        1000              2.08           4001.14           4237.99
64                   1743.54              1.49           2521.68        1000              1.72           4000.95           4006.93
128                  2187.41              3.50           3493.74        1000           3501.08           4002.53           4875.58
256                  1752.78              3.48           3121.95        1000              3.09           4001.88           4003.68
512                  1428.97              3.70           2194.78        1000              2.98           4001.82           4004.19
1024                 2736.94              4.67           4459.56        1000           3503.49           4003.25           4008.70
2048                 1682.24              6.61           2875.98        1000              5.36           4003.76           4005.00
4096                 1680.63              9.18           3005.74        1000              6.99           4005.34           4112.93
8192                 1798.01             14.10           2702.36        1000             10.94           4008.84           4243.25
16384                1472.01             10.75           5291.00         100           1005.87           4002.21           4003.98
32768                2481.03             98.08           4923.86         100           4004.01           4011.30           4013.45
65536                1024.95             23.23           7998.93         100           1023.68           1032.79           1401.89
131072               1663.49             63.94           7292.30         100           1055.29           4050.02           4058.75
262144               1767.82             91.39           6987.10         100           1112.40           4110.67           4114.56
524288               2648.62            388.63           6148.02         100           1269.42           4229.09           6471.46
1048576              2939.68            457.57           4869.60         100           4241.05           4339.59           4402.13

Test: 5
# OSU MPI Broadcast Latency Test v7.3
# Datatype: MPI_CHAR.
# Size       Avg Latency(us)   Min Latency(us)   Max Latency(us)  Iterations  P50 Tail Lat(us)  P95 Tail Lat(us)  P99 Tail Lat(us)
1                    1535.89              1.34           2404.58        1000              1.22           4000.68           4118.49
2                    1868.41              1.34           2743.15        1000              2.27           4000.70           4009.19
4                    1602.69              1.31           2406.53        1000              1.28           4000.49           4004.39
8                    2279.11              1.32           3381.61        1000           3500.04           4000.88           4003.09
16                   2054.40              1.32           3112.26        1000           3499.34           4001.22           4873.19
32                   1886.91              1.46           3052.41        1000           2005.39           4000.70           4124.89
64                   1996.65              1.47           3244.38        1000           3499.22           4000.89           4237.21
128                  1821.06              3.49           3068.47        1000              3.28           4001.94           4004.27
256                  1569.16              3.49           2445.05        1000              2.85           4002.10           4003.49
512                  2511.45              3.74           4069.50        1000           3501.75           4002.50           4252.17
1024                 2000.03              4.54           3277.96        1000           3501.01           4003.17           4241.87
2048                 2271.95              6.61           3692.97        1000           3503.22           4004.25           4364.97
4096                 2240.13              8.94           3744.16        1000           3504.46           4005.55           4007.20
8192                 1682.32             14.18           2481.58        1000             10.69           4008.77           4010.40
16384                1726.69             13.24           7040.60         100           1007.99           4004.36           4006.36
32768                1382.06             19.75           5921.05         100           1011.98           4007.56           4010.55
65536                1102.87             26.38           7749.24         100           1026.53           1034.05           4020.42
131072               1476.25             60.51           5555.11         100           1042.94           4036.46           4045.41
262144               1989.83            134.52           5926.14         100           1104.40           4103.98           4313.50
524288               2056.37            261.59           5979.74         100           1213.83           4195.71           4213.17
1048576              2868.27            504.54           5665.82         100           4265.30           4371.55           4426.55
