
Node: THIN  -  CPUS: 24  -  Operation: reduce  -  Algorithm: 0
-----------------------------------------------------------------------

Iterations: 10000
Warmup: 200
# OSU MPI Reduce Latency Test v7.3
# Datatype: MPI_CHAR.
# Size       Avg Latency(us)   Min Latency(us)   Max Latency(us)  Iterations  P50 Tail Lat(us)  P95 Tail Lat(us)  P99 Tail Lat(us)
256                     1.09              0.21              3.47       10000              1.06              1.16              1.42
512                     1.15              0.19              3.81       10000              1.13              1.21              1.27
1024                    1.35              0.20              4.70       10000              1.34              1.40              1.46
2048                    1.87              0.25              6.30       10000              1.86              1.92              1.97
4096                    3.92              0.92              9.89       10000              3.90              4.15              4.43
8192                    6.55              1.72             16.52       10000              6.53              6.74              7.71
16384                  12.40              4.21             28.62       10000             12.12             12.51             14.56
32768                  23.09             10.11             46.89       10000             23.01             23.82             26.28
65536                  46.44             21.98            108.34       10000             46.30             48.33             50.16
131072                113.90             41.74            315.56       10000            113.54            116.63            118.55
262144                211.80             43.45            494.84       10000            210.94            215.65            218.20
524288                531.93            120.53           1212.87       10000            531.57            537.06            540.02

Iterations: 10000
Warmup: 1000
# OSU MPI Reduce Latency Test v7.3
# Datatype: MPI_CHAR.
# Size       Avg Latency(us)   Min Latency(us)   Max Latency(us)  Iterations  P50 Tail Lat(us)  P95 Tail Lat(us)  P99 Tail Lat(us)
256                     1.14              0.20              3.66       10000              1.12              1.24              1.73
512                     1.15              0.19              3.87       10000              1.14              1.22              1.28
1024                    1.35              0.20              4.74       10000              1.34              1.41              1.48
2048                    1.87              0.25              6.34       10000              1.86              1.92              1.97
4096                    3.95              0.91              9.92       10000              3.94              4.15              4.94
8192                    6.62              1.69             16.70       10000              6.59              6.83              7.79
16384                  12.59              4.17             28.82       10000             12.33             12.75             14.94
32768                  23.37             10.44             47.39       10000             23.20             23.99             26.37
65536                  44.40             21.96             84.17       10000             44.27             45.93             47.49
131072                114.37             42.03            315.39       10000            114.03            116.88            118.79
262144                211.77             43.56            494.14       10000            211.18            216.25            218.59
524288                532.04            118.10           1215.08       10000            531.76            537.26            540.20

Iterations: 50000
Warmup: 200