
Node: THIN  -  CPUS: 24  -  Operation: bcast  -  Algorithm: 5
-----------------------------------------------------------------------

Iterations: 10000
Warmup: 200
# OSU MPI Broadcast Latency Test v7.3
# Datatype: MPI_CHAR.
# Size       Avg Latency(us)   Min Latency(us)   Max Latency(us)  Iterations  P50 Tail Lat(us)  P95 Tail Lat(us)  P99 Tail Lat(us)
256                     2.81              0.95              3.60       10000              2.76              3.10              3.73
512                     2.84              0.92              3.63       10000              2.81              3.10              3.30
1024                    3.55              1.14              4.41       10000              3.50              3.93              4.25
2048                    4.86              1.70              6.02       10000              4.84              5.16              5.35
4096                    6.88              2.23              8.60       10000              6.86              7.26              7.70
8192                   10.45              3.48             13.33       10000             10.42             10.79             13.33
16384                  21.88              7.48             25.82       10000             21.74             24.16             25.43
32768                  34.00             11.83             39.80       10000             33.79             36.45             38.31
65536                  57.63             20.33             66.91       10000             57.34             60.47             62.52
131072                106.13             39.06            122.95       10000            105.86            109.45            111.22
262144                199.67             75.95            228.42       10000            199.34            205.63            211.00
524288                391.57            152.88            448.37       10000            391.33            401.38            406.35

Iterations: 10000
Warmup: 1000
# OSU MPI Broadcast Latency Test v7.3
# Datatype: MPI_CHAR.
# Size       Avg Latency(us)   Min Latency(us)   Max Latency(us)  Iterations  P50 Tail Lat(us)  P95 Tail Lat(us)  P99 Tail Lat(us)
256                     2.61              0.87              3.29       10000              2.57              2.84              3.09
512                     2.81              0.90              3.60       10000              2.78              3.06              3.24
1024                    3.52              1.13              4.42       10000              3.45              3.93              4.22
2048                    4.85              1.69              6.06       10000              4.83              5.13              5.32
4096                    6.87              2.22              8.55       10000              6.85              7.25              7.70
8192                   10.46              3.47             13.29       10000             10.43             10.80             12.89
16384                  21.58              7.15             25.09       10000             21.18             23.72             25.23
32768                  34.17             12.20             39.42       10000             34.03             36.98             38.65
65536                  58.73             20.33             67.45       10000             58.53             61.92             64.04
131072                104.98             37.33            121.24       10000            104.72            108.43            110.41
262144                197.93             72.15            226.23       10000            197.45            205.23            210.99
524288                375.64            134.31            429.20       10000            375.48            383.62            387.53

Iterations: 50000
Warmup: 200
# OSU MPI Broadcast Latency Test v7.3
# Datatype: MPI_CHAR.
# Size       Avg Latency(us)   Min Latency(us)   Max Latency(us)  Iterations  P50 Tail Lat(us)  P95 Tail Lat(us)  P99 Tail Lat(us)
256                     2.66              0.90              3.41       50000              2.61              2.93              3.16
512                     2.83              0.92              3.67       50000              2.80              3.07              3.24
1024                    3.56              1.16              4.52       50000              3.48              3.93              4.22
2048                    4.86              1.72              6.06       50000              4.84              5.17              5.39
4096                    6.98              2.31              8.62       50000              6.96              7.39              7.84
8192                   10.59              3.57             13.33       50000             10.56             10.93             13.59
16384                  22.18              7.70             25.71       50000             22.02             24.55             25.99
32768                  34.35             12.12             39.74       50000             34.20             37.29             42.22
65536                  57.94             20.79             66.23       50000             57.59             61.73             67.12
131072                104.88             37.94            120.18       50000            104.57            109.04            113.10
262144                196.10             72.81            223.72       50000            195.81            201.08            203.86
524288                382.41            143.98            435.14       50000            381.72            392.43            398.21

Iterations: 50000
Warmup: 1000