


--------------------------------------------
Algorithm: 0
--------------------------------------------


Procs: 2

Iter: 1
# OSU MPI Broadcast Latency Test v7.3
# Datatype: MPI_CHAR.
# Size       Avg Latency(us)
1                       0.25
2                       0.25
4                       0.25
8                       0.23
16                      0.21
32                      0.24
64                      0.24
128                     0.31
256                     0.32
512                     0.36
1024                    0.41
2048                    0.53
4096                    0.82
8192                    1.34
16384                   2.97
32768                   5.35
65536                   6.67
131072                  9.59
262144                 15.53
524288                 29.65
1048576                70.64

Iter: 2
# OSU MPI Broadcast Latency Test v7.3
# Datatype: MPI_CHAR.
# Size       Avg Latency(us)
1                       0.20
2                       0.20
4                       0.20
8                       0.20
16                      0.20
32                      0.22
64                      0.22
128                     0.29
256                     0.31
512                     0.35
1024                    0.40
2048                    0.52
4096                    0.81
8192                    1.32
16384                   3.06
32768                   5.21
65536                   6.85
131072                  9.73
262144                 15.22
524288                 28.14
1048576                61.34

Iter: 3
# OSU MPI Broadcast Latency Test v7.3
# Datatype: MPI_CHAR.
# Size       Avg Latency(us)
1                       0.20
2                       0.20
4                       0.20
8                       0.21
16                      0.20
32                      0.25
64                      0.23
128                     0.29
256                     0.32
512                     0.35
1024                    0.41
2048                    0.54
4096                    0.83
8192                    1.34
16384                   2.98
32768                   5.06
65536                   6.64
131072                  9.57
262144                 14.79
524288                 27.66
1048576                60.57

Iter: 4
# OSU MPI Broadcast Latency Test v7.3
# Datatype: MPI_CHAR.
# Size       Avg Latency(us)
1                       0.21
2                       0.21
4                       0.21
8                       0.21
16                      0.20
32                      0.25
64                      0.24
128                     0.32
256                     0.34
512                     0.36
1024                    0.43
2048                    0.56
4096                    0.84
8192                    1.33
16384                   3.09
32768                   5.23
65536                   6.78
131072                  9.75
262144                 15.16
524288                 29.36
1048576                62.35

Iter: 5
# OSU MPI Broadcast Latency Test v7.3
# Datatype: MPI_CHAR.
# Size       Avg Latency(us)
1                       0.20
2                       0.20
4                       0.21
8                       0.20
16                      0.20
32                      0.23
64                      0.23
128                     0.31
256                     0.33
512                     0.36
1024                    0.42
2048                    0.52
4096                    0.82
8192                    1.33
16384                   3.05
32768                   5.16
65536                   6.72
131072                  9.63
262144                 15.10
524288                 28.27
1048576                62.86

Iter: 6
# OSU MPI Broadcast Latency Test v7.3
# Datatype: MPI_CHAR.
# Size       Avg Latency(us)
1                       0.20
2                       0.21
4                       0.20
8                       0.20
16                      0.20
32                      0.27
64                      0.26
128                     0.32
256                     0.33
512                     0.37
1024                    0.42
2048                    0.52
4096                    0.81
8192                    1.33
16384                   3.00
32768                   5.16
65536                   6.72
131072                  9.79
262144                 15.33
524288                 28.17
1048576                60.82

Iter: 7
# OSU MPI Broadcast Latency Test v7.3
# Datatype: MPI_CHAR.
# Size       Avg Latency(us)
1                       0.21
2                       0.21
4                       0.21
8                       0.20
16                      0.21
32                      0.23
64                      0.23
128                     0.32
256                     0.33
512                     0.36
1024                    0.41
2048                    0.53
4096                    0.83
8192                    1.33
16384                   3.04
32768                   5.14
65536                   6.78
131072                  9.68
262144                 15.61
524288                 29.04
1048576                64.00

Iter: 8
# OSU MPI Broadcast Latency Test v7.3
# Datatype: MPI_CHAR.
# Size       Avg Latency(us)
1                       0.20
2                       0.20
4                       0.20
8                       0.20
16                      0.20
32                      0.24
64                      0.24
128                     0.31
256                     0.33
512                     0.36
1024                    0.42
2048                    0.52
4096                    0.81
8192                    1.33
16384                   2.99
32768                   5.08
65536                   6.66
131072                  9.67
262144                 14.91
524288                 29.04
1048576                66.39


Procs: 4

Iter: 1
# OSU MPI Broadcast Latency Test v7.3
# Datatype: MPI_CHAR.
# Size       Avg Latency(us)
1                       0.60
2                       0.56
4                       0.56
8                       0.56
16                      0.55
32                      0.76
64                      0.75
128                     1.09
256                     1.15
512                     1.32
1024                    1.61
2048                    2.52
4096                    3.60
8192                    6.03
16384                   8.25
32768                  12.99
65536                  21.20
131072                 36.80
262144                 72.60
524288                160.57
1048576               479.72

Iter: 2
# OSU MPI Broadcast Latency Test v7.3
# Datatype: MPI_CHAR.
# Size       Avg Latency(us)
1                       0.56
2                       0.56
4                       0.56
8                       0.56
16                      0.54
32                      0.76
64                      0.76
128                     1.09
256                     1.14
512                     1.30
1024                    1.61
2048                    2.51
4096                    3.60
8192                    6.05
16384                   9.03
32768                  14.48
65536                  21.98
131072                 39.35
262144                 77.57
524288                162.59
1048576               484.19

Iter: 3
# OSU MPI Broadcast Latency Test v7.3
# Datatype: MPI_CHAR.
# Size       Avg Latency(us)
1                       0.56
2                       0.56
4                       0.55
8                       0.56
16                      0.53
32                      0.74
64                      0.73
128                     1.08
256                     1.13
512                     1.29
1024                    1.58
2048                    2.49
4096                    3.58
8192                    6.06
16384                   9.05
32768                  14.21
65536                  22.84
131072                 41.85
262144                 83.12
524288                169.58
1048576               481.62

Iter: 4
# OSU MPI Broadcast Latency Test v7.3
# Datatype: MPI_CHAR.
# Size       Avg Latency(us)
1                       0.58
2                       0.59
4                       0.58
8                       0.58
16                      0.56
32                      0.84
64                      0.84
128                     1.10
256                     1.16
512                     1.31
1024                    1.62
2048                    2.52
4096                    3.60
8192                    6.09
16384                   9.03
32768                  14.45
65536                  21.91
131072                 38.69
262144                 76.19
524288                164.93
1048576               479.28

Iter: 5
# OSU MPI Broadcast Latency Test v7.3
# Datatype: MPI_CHAR.
# Size       Avg Latency(us)
1                       0.57
2                       0.57
4                       0.57
8                       0.57
16                      0.55
32                      0.80
64                      0.84
128                     1.10
256                     1.16
512                     1.32
1024                    1.65
2048                    2.41
4096                    3.47
8192                    5.89
16384                   9.00
32768                  14.01
65536                  21.85
131072                 39.31
262144                 74.70
524288                152.74
1048576               482.34

Iter: 6
# OSU MPI Broadcast Latency Test v7.3
# Datatype: MPI_CHAR.
# Size       Avg Latency(us)
1                       0.58
2                       0.59
4                       0.59
8                       0.59
16                      0.56
32                      0.87
64                      0.84
128                     1.14
256                     1.18
512                     1.33
1024                    1.63
2048                    2.55
4096                    3.62
8192                    6.15
16384                   9.44
32768                  14.64
65536                  22.62
131072                 40.47
262144                 80.53
524288                162.88
1048576               486.21

Iter: 7
# OSU MPI Broadcast Latency Test v7.3
# Datatype: MPI_CHAR.
# Size       Avg Latency(us)
1                       0.56
2                       0.56
4                       0.56
8                       0.56
16                      0.53
32                      0.76
64                      0.72
128                     1.09
256                     1.14
512                     1.30
1024                    1.62
2048                    2.34
4096                    3.46
8192                    5.91
16384                   9.02
32768                  14.15
65536                  22.05
131072                 40.45
262144                 77.83
524288                169.02
1048576               481.26

Iter: 8
# OSU MPI Broadcast Latency Test v7.3
# Datatype: MPI_CHAR.
# Size       Avg Latency(us)
1                       0.59
2                       0.58
4                       0.58
8                       0.58
16                      0.55
32                      0.82
64                      0.76
128                     1.11
256                     1.16
512                     1.31
1024                    1.61
2048                    2.42
4096                    3.60
8192                    6.09
16384                   8.91
32768                  13.98
65536                  22.15
131072                 40.43
262144                 76.64
524288                157.98
1048576               480.55


Procs: 8

Iter: 1
# OSU MPI Broadcast Latency Test v7.3
# Datatype: MPI_CHAR.
# Size       Avg Latency(us)
1                       1.00
2                       0.91
4                       0.89
8                       0.94
16                      0.92
32                      1.26
64                      1.12
128                     1.87
256                     1.99
512                     2.13
1024                    2.49
2048                    3.44
4096                    4.75
8192                    7.24
16384                  14.02
32768                  23.57
65536                  46.29
131072                 94.23
262144                191.01
524288                379.91
1048576               580.77

Iter: 2
# OSU MPI Broadcast Latency Test v7.3
# Datatype: MPI_CHAR.
# Size       Avg Latency(us)
1                       0.88
2                       0.88
4                       0.87
8                       0.94
16                      0.91
32                      1.35
64                      1.07
128                     1.85
256                     1.95
512                     2.10
1024                    2.46
2048                    3.42
4096                    4.74
8192                    7.31
16384                  13.55
32768                  23.00
65536                  46.08
131072                 92.74
262144                184.97
524288                346.70
1048576               606.75

Iter: 3
# OSU MPI Broadcast Latency Test v7.3
# Datatype: MPI_CHAR.
# Size       Avg Latency(us)
1                       0.91
2                       0.90
4                       0.90
8                       0.96
16                      0.93
32                      1.24
64                      1.15
128                     1.87
256                     2.03
512                     2.11
1024                    2.48
2048                    3.39
4096                    4.73
8192                    7.22
16384                  13.63
32768                  22.88
65536                  44.55
131072                 90.27
262144                181.00
524288                364.70
1048576               607.95

Iter: 4
# OSU MPI Broadcast Latency Test v7.3
# Datatype: MPI_CHAR.
# Size       Avg Latency(us)
1                       0.88
2                       0.89
4                       0.89
8                       0.92
16                      0.88
32                      1.40
64                      1.06
128                     1.85
256                     2.01
512                     2.13
1024                    2.49
2048                    3.40
4096                    4.66
8192                    7.17
16384                  13.70
32768                  22.51
65536                  45.44
131072                 91.56
262144                183.36
524288                363.78
1048576               619.33

Iter: 5
# OSU MPI Broadcast Latency Test v7.3
# Datatype: MPI_CHAR.
# Size       Avg Latency(us)
1                       0.94
2                       0.89
4                       0.89
8                       0.93
16                      0.89
32                      1.23
64                      1.08
128                     1.83
256                     1.98
512                     2.06
1024                    2.50
2048                    3.40
4096                    4.74
8192                    7.21
16384                  14.03
32768                  20.87
65536                  31.62
131072                 66.79
262144                152.44
524288                323.70
1048576               566.51

Iter: 6
# OSU MPI Broadcast Latency Test v7.3
# Datatype: MPI_CHAR.
# Size       Avg Latency(us)
1                       1.05
2                       0.90
4                       0.90
8                       0.95
16                      0.94
32                      1.31
64                      1.08
128                     1.87
256                     1.98
512                     2.14
1024                    2.50
2048                    3.43
4096                    4.74
8192                    7.20
16384                  13.89
32768                  22.78
65536                  45.81
131072                 92.62
262144                186.38
524288                367.99
1048576               569.41

Iter: 7
# OSU MPI Broadcast Latency Test v7.3
# Datatype: MPI_CHAR.
# Size       Avg Latency(us)
1                       0.89
2                       0.88
4                       0.89
8                       0.92
16                      0.90
32                      1.27
64                      1.08
128                     1.84
256                     2.01
512                     2.11
1024                    2.49
2048                    3.39
4096                    4.82
8192                    7.25
16384                  13.98
32768                  23.23
65536                  46.90
131072                 94.88
262144                191.24
524288                382.88
1048576               643.21

Iter: 8
# OSU MPI Broadcast Latency Test v7.3
# Datatype: MPI_CHAR.
# Size       Avg Latency(us)
1                       0.92
2                       0.89
4                       0.89
8                       0.93
16                      0.92
32                      1.25
64                      1.08
128                     1.84
256                     2.00
512                     2.13
1024                    2.48
2048                    3.39
4096                    4.75
8192                    7.24
16384                  13.53
32768                  22.66
65536                  44.81
131072                 91.28
262144                184.50
524288                370.79
1048576               634.67


Procs: 16

Iter: 1
# OSU MPI Broadcast Latency Test v7.3
# Datatype: MPI_CHAR.
# Size       Avg Latency(us)
1                       1.16
2                       1.16
4                       1.16
8                       1.16
16                      1.16
32                      1.48
64                      1.42
128                     2.41
256                     2.42
512                     2.56
1024                    3.09
2048                    4.14
4096                    5.84
8192                    8.66
16384                  17.65
32768                  27.67
65536                  50.30
131072                 97.73
262144                189.11
524288                371.96
1048576               345.11

Iter: 2
# OSU MPI Broadcast Latency Test v7.3
# Datatype: MPI_CHAR.
# Size       Avg Latency(us)
1                       1.33
2                       1.14
4                       1.14
8                       1.13
16                      1.14
32                      1.43
64                      1.48
128                     2.36
256                     2.34
512                     2.51
1024                    3.06
2048                    4.12
4096                    5.84
8192                    8.50
16384                  17.56
32768                  27.74
65536                  53.19
131072                101.34
262144                195.84
524288                375.37
1048576               346.78

Iter: 3
# OSU MPI Broadcast Latency Test v7.3
# Datatype: MPI_CHAR.
# Size       Avg Latency(us)
1                       1.38
2                       1.14
4                       1.10
8                       1.09
16                      1.08
32                      1.41
64                      1.32
128                     2.42
256                     2.32
512                     2.50
1024                    3.06
2048                    4.10
4096                    5.78
8192                    8.47
16384                  17.32
32768                  27.49
65536                  50.88
131072                 98.00
262144                192.11
524288                368.12
1048576               345.46

Iter: 4
# OSU MPI Broadcast Latency Test v7.3
# Datatype: MPI_CHAR.
# Size       Avg Latency(us)
1                       0.95
2                       1.11
4                       1.12
8                       1.13
16                      1.12
32                      1.40
64                      1.39
128                     2.48
256                     2.30
512                     2.51
1024                    3.06
2048                    4.09
4096                    5.79
8192                    8.51
16384                  18.29
32768                  28.58
65536                  50.58
131072                 97.38
262144                192.27
524288                380.68
1048576               350.59

Iter: 5
# OSU MPI Broadcast Latency Test v7.3
# Datatype: MPI_CHAR.
# Size       Avg Latency(us)
1                       1.17
2                       1.14
4                       1.13
8                       1.13
16                      1.12
32                      1.45
64                      1.37
128                     2.43
256                     2.41
512                     2.55
1024                    3.09
2048                    4.12
4096                    5.77
8192                    8.45
16384                  18.05
32768                  28.78
65536                  50.79
131072                 95.53
262144                184.76
524288                365.71
1048576               340.47

Iter: 6
# OSU MPI Broadcast Latency Test v7.3
# Datatype: MPI_CHAR.
# Size       Avg Latency(us)
1                       1.15
2                       1.13
4                       1.12
8                       1.12
16                      1.12
32                      1.46
64                      1.35
128                     2.40
256                     2.35
512                     2.53
1024                    3.06
2048                    4.09
4096                    5.82
8192                    8.47
16384                  18.07
32768                  27.52
65536                  47.92
131072                 93.62
262144                185.88
524288                372.18
1048576               343.58

Iter: 7
# OSU MPI Broadcast Latency Test v7.3
# Datatype: MPI_CHAR.
# Size       Avg Latency(us)
1                       1.15
2                       1.14
4                       1.14
8                       1.13
16                      1.14
32                      1.44
64                      1.39
128                     2.42
256                     2.40
512                     2.57
1024                    3.09
2048                    4.12
4096                    5.81
8192                    8.51
16384                  17.75
32768                  27.57
65536                  48.61
131072                 94.28
262144                189.81
524288                368.52
1048576               337.45

Iter: 8
# OSU MPI Broadcast Latency Test v7.3
# Datatype: MPI_CHAR.
# Size       Avg Latency(us)
1                       1.24
2                       1.13
4                       1.11
8                       1.11
16                      1.11
32                      1.43
64                      1.40
128                     2.32
256                     2.36
512                     2.50
1024                    3.05
2048                    4.09
4096                    5.85
8192                    8.54
16384                  17.97
32768                  28.13
65536                  51.26
131072                 96.87
262144                191.19
524288                376.62
1048576               340.81


Procs: 32

Iter: 1
# OSU MPI Broadcast Latency Test v7.3
# Datatype: MPI_CHAR.
# Size       Avg Latency(us)
1                       1.76
2                       1.74
4                       1.97
8                       1.82
16                      1.73
32                      2.31
64                      2.26
128                     3.05
256                     3.19
512                     3.42
1024                    3.91
2048                    5.41
4096                    8.23
8192                   12.48
16384                  24.83
32768                  42.65
65536                  84.07
131072                164.52
262144                333.03
524288                664.74
1048576              1106.28

Iter: 2
# OSU MPI Broadcast Latency Test v7.3
# Datatype: MPI_CHAR.
# Size       Avg Latency(us)
1                       1.78
2                       1.77
4                       1.79
8                       2.01
16                      1.76
32                      2.37
64                      2.30
128                     3.06
256                     3.17
512                     3.47
1024                    3.99
2048                    5.38
4096                    8.12
8192                   11.80
16384                  24.74
32768                  42.11
65536                  81.64
131072                167.36
262144                333.81
524288                663.11
1048576              1059.23

Iter: 3
# OSU MPI Broadcast Latency Test v7.3
# Datatype: MPI_CHAR.
# Size       Avg Latency(us)
1                       1.75
2                       1.74
4                       1.74
8                       2.10
16                      1.74
32                      2.23
64                      2.29
128                     3.05
256                     3.23
512                     3.46
1024                    4.14
2048                    5.38
4096                    8.07
8192                   12.13
16384                  24.02
32768                  42.53
65536                  84.94
131072                164.50
262144                329.93
524288                656.99
1048576              1130.14

Iter: 4
# OSU MPI Broadcast Latency Test v7.3
# Datatype: MPI_CHAR.
# Size       Avg Latency(us)
1                       1.78
2                       1.76
4                       1.80
8                       2.00
16                      1.74
32                      2.32
64                      2.27
128                     3.03
256                     3.19
512                     3.47
1024                    3.98
2048                    5.41
4096                    7.91
8192                   11.88
16384                  24.55
32768                  42.46
65536                  83.79
131072                163.66
262144                327.51
524288                651.46
1048576              1126.18

Iter: 5
# OSU MPI Broadcast Latency Test v7.3
# Datatype: MPI_CHAR.
# Size       Avg Latency(us)
1                       1.77
2                       1.74
4                       1.75
8                       1.97
16                      1.74
32                      2.22
64                      2.30
128                     3.03
256                     3.14
512                     3.43
1024                    3.96
2048                    5.41
4096                    7.94
8192                   12.19
16384                  24.37
32768                  43.15
65536                  84.94
131072                164.56
262144                332.01
524288                654.32
1048576              1126.48

Iter: 6
# OSU MPI Broadcast Latency Test v7.3
# Datatype: MPI_CHAR.
# Size       Avg Latency(us)
1                       1.78
2                       1.72
4                       1.72
8                       1.95
16                      1.70
32                      2.21
64                      2.23
128                     3.03
256                     3.22
512                     3.62
1024                    3.92
2048                    5.40
4096                    8.15
8192                   12.45
16384                  24.21
32768                  42.00
65536                  84.08
131072                153.34
262144                291.23
524288                608.42
1048576              1052.02

Iter: 7
# OSU MPI Broadcast Latency Test v7.3
# Datatype: MPI_CHAR.
# Size       Avg Latency(us)
1                       1.82
2                       1.79
4                       1.78
8                       1.99
16                      1.77
32                      2.30
64                      2.32
128                     3.10
256                     3.23
512                     3.48
1024                    3.97
2048                    5.43
4096                    7.99
8192                   12.05
16384                  24.93
32768                  42.87
65536                  84.01
131072                163.32
262144                321.50
524288                598.16
1048576              1049.85

Iter: 8
# OSU MPI Broadcast Latency Test v7.3
# Datatype: MPI_CHAR.
# Size       Avg Latency(us)
1                       1.93
2                       1.78
4                       1.89
8                       1.95
16                      1.76
32                      2.39
64                      2.33
128                     3.10
256                     3.23
512                     3.49
1024                    3.98
2048                    5.38
4096                    8.05
8192                   11.94
16384                  24.95
32768                  42.28
65536                  80.79
131072                161.93
262144                325.50
524288                649.87
1048576              1100.43



--------------------------------------------
Algorithm: 1
--------------------------------------------


Procs: 2

Iter: 1
# OSU MPI Broadcast Latency Test v7.3
# Datatype: MPI_CHAR.
# Size       Avg Latency(us)
1                       0.18
2                       0.19
4                       0.18
8                       0.18
16                      0.18
32                      0.24
64                      0.24
128                     0.31
256                     0.32
512                     0.35
1024                    0.42
2048                    0.53
4096                    0.82
8192                    1.33
16384                   3.01
32768                   5.07
65536                   6.68
131072                  9.74
262144                 15.17
524288                 28.47
1048576                59.57

Iter: 2
# OSU MPI Broadcast Latency Test v7.3
# Datatype: MPI_CHAR.
# Size       Avg Latency(us)
1                       0.19
2                       0.19
4                       0.19
8                       0.19
16                      0.19
32                      0.24
64                      0.23
128                     0.32
256                     0.33
512                     0.36
1024                    0.42
2048                    0.55
4096                    0.84
8192                    1.34
16384                   3.03
32768                   5.13
65536                   6.72
131072                  9.81
262144                 15.23
524288                 28.19
1048576                60.71

Iter: 3
# OSU MPI Broadcast Latency Test v7.3
# Datatype: MPI_CHAR.
# Size       Avg Latency(us)
1                       0.18
2                       0.19
4                       0.19
8                       0.20
16                      0.19
32                      0.25
64                      0.25
128                     0.31
256                     0.32
512                     0.36
1024                    0.44
2048                    0.53
4096                    0.83
8192                    1.34
16384                   3.10
32768                   5.23
65536                   6.75
131072                  9.94
262144                 15.41
524288                 28.52
1048576                62.62

Iter: 4
# OSU MPI Broadcast Latency Test v7.3
# Datatype: MPI_CHAR.
# Size       Avg Latency(us)
1                       0.19
2                       0.20
4                       0.19
8                       0.19
16                      0.19
32                      0.25
64                      0.24
128                     0.31
256                     0.32
512                     0.34
1024                    0.42
2048                    0.54
4096                    0.84
8192                    1.34
16384                   3.02
32768                   5.12
65536                   6.72
131072                  9.74
262144                 15.34
524288                 28.58
1048576                61.56

Iter: 5
# OSU MPI Broadcast Latency Test v7.3
# Datatype: MPI_CHAR.
# Size       Avg Latency(us)
1                       0.21
2                       0.19
4                       0.20
8                       0.18
16                      0.18
32                      0.25
64                      0.22
128                     0.30
256                     0.33
512                     0.35
1024                    0.42
2048                    0.53
4096                    0.83
8192                    1.34
16384                   2.99
32768                   5.10
65536                   6.68
131072                  9.84
262144                 15.33
524288                 28.50
1048576                60.09

Iter: 6
# OSU MPI Broadcast Latency Test v7.3
# Datatype: MPI_CHAR.
# Size       Avg Latency(us)
1                       0.19
2                       0.19
4                       0.19
8                       0.19
16                      0.18
32                      0.24
64                      0.23
128                     0.30
256                     0.31
512                     0.34
1024                    0.41
2048                    0.53
4096                    0.82
8192                    1.33
16384                   3.06
32768                   5.12
65536                   6.70
131072                  9.95
262144                 15.35
524288                 29.06
1048576                63.33

Iter: 7
# OSU MPI Broadcast Latency Test v7.3
# Datatype: MPI_CHAR.
# Size       Avg Latency(us)
1                       0.20
2                       0.19
4                       0.19
8                       0.19
16                      0.19
32                      0.24
64                      0.24
128                     0.31
256                     0.33
512                     0.35
1024                    0.42
2048                    0.54
4096                    0.82
8192                    1.34
16384                   3.08
32768                   5.18
65536                   6.78
131072                  9.84
262144                 15.37
524288                 28.54
1048576                62.22

Iter: 8
# OSU MPI Broadcast Latency Test v7.3
# Datatype: MPI_CHAR.
# Size       Avg Latency(us)
1                       0.18
2                       0.18
4                       0.18
8                       0.18
16                      0.18
32                      0.26
64                      0.24
128                     0.30
256                     0.32
512                     0.35
1024                    0.42
2048                    0.53
4096                    0.82
8192                    1.33
16384                   2.99
32768                   5.09
65536                   6.60
131072                  9.71
262144                 14.98
524288                 28.17
1048576                63.37


Procs: 4

Iter: 1
# OSU MPI Broadcast Latency Test v7.3
# Datatype: MPI_CHAR.
# Size       Avg Latency(us)
1                       0.36
2                       0.32
4                       0.31
8                       0.32
16                      0.35
32                      0.63
64                      0.56
128                     1.04
256                     1.09
512                     1.28
1024                    1.53
2048                    2.36
4096                    3.73
8192                    5.88
16384                   8.84
32768                  13.30
65536                  20.92
131072                 37.09
262144                 68.85
524288                139.41
1048576               315.64

Iter: 2
# OSU MPI Broadcast Latency Test v7.3
# Datatype: MPI_CHAR.
# Size       Avg Latency(us)
1                       0.32
2                       0.31
4                       0.31
8                       0.31
16                      0.34
32                      0.60
64                      0.56
128                     1.08
256                     1.14
512                     1.30
1024                    1.51
2048                    2.41
4096                    3.67
8192                    5.75
16384                   8.63
32768                  13.73
65536                  21.80
131072                 39.26
262144                 76.69
524288                159.23
1048576               324.41

Iter: 3
# OSU MPI Broadcast Latency Test v7.3
# Datatype: MPI_CHAR.
# Size       Avg Latency(us)
1                       0.33
2                       0.36
4                       0.31
8                       0.32
16                      0.35
32                      0.62
64                      0.56
128                     1.06
256                     1.10
512                     1.30
1024                    1.54
2048                    2.42
4096                    3.67
8192                    5.77
16384                   8.71
32768                  13.73
65536                  21.30
131072                 37.91
262144                 75.70
524288                152.02
1048576               326.32

Iter: 4
# OSU MPI Broadcast Latency Test v7.3
# Datatype: MPI_CHAR.
# Size       Avg Latency(us)
1                       0.31
2                       0.35
4                       0.30
8                       0.32
16                      0.36
32                      0.59
64                      0.55
128                     1.04
256                     1.10
512                     1.28
1024                    1.51
2048                    2.44
4096                    3.68
8192                    5.73
16384                   8.91
32768                  14.01
65536                  22.50
131072                 40.41
262144                 78.83
524288                163.30
1048576               336.87

Iter: 5
# OSU MPI Broadcast Latency Test v7.3
# Datatype: MPI_CHAR.
# Size       Avg Latency(us)
1                       0.32
2                       0.34
4                       0.34
8                       0.31
16                      0.35
32                      0.58
64                      0.53
128                     1.06
256                     1.11
512                     1.36
1024                    1.55
2048                    2.36
4096                    3.74
8192                    5.76
16384                   8.83
32768                  14.18
65536                  22.14
131072                 38.78
262144                 68.48
524288                128.33
1048576               252.25

Iter: 6
# OSU MPI Broadcast Latency Test v7.3
# Datatype: MPI_CHAR.
# Size       Avg Latency(us)
1                       0.33
2                       0.35
4                       0.34
8                       0.33
16                      0.36
32                      0.63
64                      0.55
128                     1.05
256                     1.11
512                     1.32
1024                    1.57
2048                    2.44
4096                    3.75
8192                    5.79
16384                   9.18
32768                  14.35
65536                  22.23
131072                 39.96
262144                 79.58
524288                165.28
1048576               314.22

Iter: 7
# OSU MPI Broadcast Latency Test v7.3
# Datatype: MPI_CHAR.
# Size       Avg Latency(us)
1                       0.32
2                       0.34
4                       0.31
8                       0.31
16                      0.34
32                      0.62
64                      0.56
128                     1.04
256                     1.10
512                     1.34
1024                    1.54
2048                    2.48
4096                    3.65
8192                    5.74
16384                   8.92
32768                  14.03
65536                  22.14
131072                 38.75
262144                 74.43
524288                148.52
1048576               288.76

Iter: 8
# OSU MPI Broadcast Latency Test v7.3
# Datatype: MPI_CHAR.
# Size       Avg Latency(us)
1                       0.31
2                       0.34
4                       0.32
8                       0.31
16                      0.35
32                      0.64
64                      0.56
128                     1.05
256                     1.11
512                     1.29
1024                    1.55
2048                    2.42
4096                    3.67
8192                    5.76
16384                   8.87
32768                  13.89
65536                  21.93
131072                 39.47
262144                 76.97
524288                158.50
1048576               331.25


Procs: 8

Iter: 1
# OSU MPI Broadcast Latency Test v7.3
# Datatype: MPI_CHAR.
# Size       Avg Latency(us)
1                       1.14
2                       1.14
4                       1.15
8                       1.14
16                      1.15
32                      1.29
64                      1.33
128                     2.56
256                     2.65
512                     2.79
1024                    3.55
2048                    4.60
4096                    6.60
8192                   10.05
16384                  13.57
32768                  23.42
65536                  47.45
131072                 95.34
262144                191.56
524288                389.09
1048576               680.27

Iter: 2
# OSU MPI Broadcast Latency Test v7.3
# Datatype: MPI_CHAR.
# Size       Avg Latency(us)
1                       1.16
2                       1.16
4                       1.16
8                       1.15
16                      1.18
32                      1.28
64                      1.32
128                     2.58
256                     2.59
512                     2.77
1024                    3.56
2048                    4.63
4096                    6.55
8192                   10.14
16384                  13.27
32768                  23.05
65536                  45.65
131072                 92.92
262144                187.74
524288                376.11
1048576               589.58

Iter: 3
# OSU MPI Broadcast Latency Test v7.3
# Datatype: MPI_CHAR.
# Size       Avg Latency(us)
1                       1.22
2                       1.14
4                       1.14
8                       1.11
16                      1.15
32                      1.28
64                      1.33
128                     2.41
256                     2.57
512                     2.76
1024                    3.52
2048                    4.57
4096                    6.60
8192                   10.12
16384                  13.23
32768                  23.10
65536                  47.36
131072                 95.85
262144                192.57
524288                387.13
1048576               644.15

Iter: 4
# OSU MPI Broadcast Latency Test v7.3
# Datatype: MPI_CHAR.
# Size       Avg Latency(us)
1                       1.15
2                       1.15
4                       1.15
8                       1.13
16                      1.17
32                      1.30
64                      1.37
128                     2.60
256                     2.56
512                     2.76
1024                    3.58
2048                    4.67
4096                    6.67
8192                   10.16
16384                  13.29
32768                  22.20
65536                  44.03
131072                 87.79
262144                155.01
524288                312.33
1048576               549.55

Iter: 5
# OSU MPI Broadcast Latency Test v7.3
# Datatype: MPI_CHAR.
# Size       Avg Latency(us)
1                       1.16
2                       1.16
4                       1.16
8                       1.14
16                      1.17
32                      1.30
64                      1.40
128                     2.60
256                     2.58
512                     2.75
1024                    3.54
2048                    4.61
4096                    6.66
8192                   10.13
16384                  13.12
32768                  22.46
65536                  44.35
131072                 91.77
262144                185.02
524288                370.27
1048576               582.37

Iter: 6
# OSU MPI Broadcast Latency Test v7.3
# Datatype: MPI_CHAR.
# Size       Avg Latency(us)
1                       1.12
2                       1.12
4                       1.12
8                       1.11
16                      1.14
32                      1.32
64                      1.29
128                     2.58
256                     2.55
512                     2.80
1024                    3.47
2048                    4.60
4096                    6.61
8192                   10.14
16384                  13.02
32768                  22.73
65536                  47.02
131072                 94.88
262144                189.96
524288                376.77
1048576               646.74

Iter: 7
# OSU MPI Broadcast Latency Test v7.3
# Datatype: MPI_CHAR.
# Size       Avg Latency(us)
1                       1.12
2                       1.10
4                       1.12
8                       1.11
16                      1.14
32                      1.27
64                      1.31
128                     2.48
256                     2.64
512                     2.72
1024                    3.47
2048                    4.65
4096                    6.77
8192                   10.34
16384                  13.21
32768                  23.11
65536                  45.95
131072                 95.46
262144                191.57
524288                385.81
1048576               664.17

Iter: 8
# OSU MPI Broadcast Latency Test v7.3
# Datatype: MPI_CHAR.
# Size       Avg Latency(us)
1                       1.27
2                       1.19
4                       1.17
8                       1.17
16                      1.19
32                      1.33
64                      1.38
128                     2.63
256                     2.63
512                     2.84
1024                    3.57
2048                    4.65
4096                    6.64
8192                   10.16
16384                  13.46
32768                  22.84
65536                  45.51
131072                 92.22
262144                184.55
524288                370.49
1048576               639.95


Procs: 16

Iter: 1
# OSU MPI Broadcast Latency Test v7.3
# Datatype: MPI_CHAR.
# Size       Avg Latency(us)
1                       1.78
2                       1.78
4                       1.78
8                       1.78
16                      1.78
32                      2.13
64                      1.95
128                     4.34
256                     4.44
512                     4.65
1024                    6.62
2048                    8.21
4096                   11.74
8192                   17.93
16384                  22.55
32768                  41.39
65536                  85.31
131072                170.43
262144                338.42
524288                669.26
1048576              1147.05

Iter: 2
# OSU MPI Broadcast Latency Test v7.3
# Datatype: MPI_CHAR.
# Size       Avg Latency(us)
1                       1.88
2                       1.85
4                       1.84
8                       1.85
16                      1.85
32                      2.18
64                      2.04
128                     4.36
256                     4.47
512                     4.70
1024                    6.59
2048                    8.17
4096                   11.37
8192                   17.41
16384                  22.33
32768                  39.45
65536                  80.57
131072                163.82
262144                325.47
524288                648.09
1048576              1179.59

Iter: 3
# OSU MPI Broadcast Latency Test v7.3
# Datatype: MPI_CHAR.
# Size       Avg Latency(us)
1                       1.99
2                       1.85
4                       1.85
8                       1.86
16                      1.85
32                      2.18
64                      2.01
128                     4.30
256                     4.40
512                     4.65
1024                    6.51
2048                    8.14
4096                   11.35
8192                   17.33
16384                  22.88
32768                  41.09
65536                  84.62
131072                169.57
262144                343.02
524288                680.77
1048576              1079.27

Iter: 4
# OSU MPI Broadcast Latency Test v7.3
# Datatype: MPI_CHAR.
# Size       Avg Latency(us)
1                       1.90
2                       1.81
4                       1.80
8                       1.81
16                      1.81
32                      2.17
64                      2.00
128                     4.32
256                     4.45
512                     4.66
1024                    6.52
2048                    8.15
4096                   11.36
8192                   17.47
16384                  22.58
32768                  40.68
65536                  82.89
131072                166.40
262144                332.09
524288                654.48
1048576              1090.80

Iter: 5
# OSU MPI Broadcast Latency Test v7.3
# Datatype: MPI_CHAR.
# Size       Avg Latency(us)
1                       1.78
2                       1.80
4                       1.79
8                       1.80
16                      1.85
32                      2.22
64                      2.01
128                     4.36
256                     4.48
512                     4.68
1024                    6.54
2048                    8.13
4096                   11.47
8192                   17.50
16384                  22.81
32768                  41.01
65536                  83.75
131072                170.56
262144                342.49
524288                678.25
1048576              1227.56

Iter: 6
# OSU MPI Broadcast Latency Test v7.3
# Datatype: MPI_CHAR.
# Size       Avg Latency(us)
1                       1.82
2                       1.85
4                       1.84
8                       1.85
16                      1.85
32                      2.21
64                      2.04
128                     4.35
256                     4.46
512                     4.76
1024                    6.61
2048                    8.17
4096                   11.43
8192                   17.45
16384                  22.44
32768                  40.81
65536                  82.99
131072                167.11
262144                334.24
524288                605.01
1048576              1157.34

Iter: 7
# OSU MPI Broadcast Latency Test v7.3
# Datatype: MPI_CHAR.
# Size       Avg Latency(us)
1                       1.76
2                       1.78
4                       1.78
8                       1.77
16                      1.82
32                      2.02
64                      1.93
128                     4.35
256                     4.45
512                     4.67
1024                    6.56
2048                    8.16
4096                   11.42
8192                   17.48
16384                  23.41
32768                  41.52
65536                  84.40
131072                172.27
262144                345.57
524288                684.68
1048576              1230.52

Iter: 8
# OSU MPI Broadcast Latency Test v7.3
# Datatype: MPI_CHAR.
# Size       Avg Latency(us)
1                       1.83
2                       1.85
4                       1.83
8                       1.85
16                      1.95
32                      2.14
64                      2.03
128                     4.36
256                     4.45
512                     4.65
1024                    6.56
2048                    8.13
4096                   11.38
8192                   17.35
16384                  23.39
32768                  42.04
65536                  86.27
131072                174.96
262144                347.21
524288                694.67
1048576              1263.39


Procs: 32

Iter: 1
# OSU MPI Broadcast Latency Test v7.3
# Datatype: MPI_CHAR.
# Size       Avg Latency(us)
1                       3.30
2                       3.44
4                       3.45
8                       3.36
16                      3.36
32                      3.80
64                      3.65
128                     7.66
256                     8.02
512                     8.55
1024                   11.99
2048                   15.05
4096                   20.64
8192                   31.36
16384                  28.61
32768                  51.47
65536                 105.49
131072                217.34
262144                431.56
524288                863.39
1048576              1410.84

Iter: 2
# OSU MPI Broadcast Latency Test v7.3
# Datatype: MPI_CHAR.
# Size       Avg Latency(us)
1                       3.37
2                       3.36
4                       3.55
8                       3.36
16                      3.35
32                      3.78
64                      3.71
128                     7.65
256                     8.02
512                     8.48
1024                   11.92
2048                   14.97
4096                   20.70
8192                   31.49
16384                  27.98
32768                  51.79
65536                 107.41
131072                220.04
262144                438.26
524288                872.19
1048576              1620.77

Iter: 3
# OSU MPI Broadcast Latency Test v7.3
# Datatype: MPI_CHAR.
# Size       Avg Latency(us)
1                       3.37
2                       3.44
4                       3.54
8                       3.37
16                      3.36
32                      3.83
64                      3.74
128                     7.66
256                     7.99
512                     8.40
1024                   11.92
2048                   14.82
4096                   20.50
8192                   31.26
16384                  27.90
32768                  51.07
65536                 104.14
131072                213.02
262144                424.86
524288                846.12
1048576              1422.97

Iter: 4
# OSU MPI Broadcast Latency Test v7.3
# Datatype: MPI_CHAR.
# Size       Avg Latency(us)
1                       3.31
2                       3.40
4                       3.42
8                       3.35
16                      3.36
32                      3.80
64                      3.62
128                     7.54
256                     7.91
512                     8.40
1024                   11.84
2048                   15.15
4096                   20.95
8192                   31.94
16384                  28.77
32768                  52.28
65536                 106.72
131072                217.69
262144                433.67
524288                867.44
1048576              1593.91

Iter: 5
# OSU MPI Broadcast Latency Test v7.3
# Datatype: MPI_CHAR.
# Size       Avg Latency(us)
1                       3.29
2                       3.33
4                       3.50
8                       3.34
16                      3.31
32                      3.80
64                      3.78
128                     7.64
256                     7.95
512                     8.39
1024                   11.91
2048                   14.99
4096                   20.76
8192                   31.96
16384                  28.17
32768                  51.59
65536                 104.75
131072                213.02
262144                423.81
524288                843.94
1048576              1574.18

Iter: 6
# OSU MPI Broadcast Latency Test v7.3
# Datatype: MPI_CHAR.
# Size       Avg Latency(us)
1                       3.29
2                       3.41
4                       3.34
8                       3.33
16                      3.31
32                      3.76
64                      3.73
128                     7.57
256                     7.94
512                     8.48
1024                   11.81
2048                   14.78
4096                   20.57
8192                   31.25
16384                  28.90
32768                  50.50
65536                 103.33
131072                212.21
262144                424.27
524288                846.37
1048576              1579.41

Iter: 7
# OSU MPI Broadcast Latency Test v7.3
# Datatype: MPI_CHAR.
# Size       Avg Latency(us)
1                       3.29
2                       3.37
4                       3.51
8                       3.34
16                      3.35
32                      3.86
64                      3.74
128                     7.54
256                     7.89
512                     8.50
1024                   11.87
2048                   14.78
4096                   20.50
8192                   31.14
16384                  28.30
32768                  52.51
65536                 106.28
131072                217.37
262144                431.36
524288                862.43
1048576              1356.85

Iter: 8
# OSU MPI Broadcast Latency Test v7.3
# Datatype: MPI_CHAR.
# Size       Avg Latency(us)
1                       3.32
2                       3.37
4                       3.48
8                       3.37
16                      3.35
32                      3.87
64                      3.76
128                     7.65
256                     8.02
512                     8.46
1024                   11.98
2048                   14.98
4096                   20.70
8192                   31.55
16384                  28.13
32768                  50.88
65536                 103.24
131072                214.03
262144                427.70
524288                845.51
1048576              1452.78



--------------------------------------------
Algorithm: 2
--------------------------------------------


Procs: 2

Iter: 1
# OSU MPI Broadcast Latency Test v7.3
# Datatype: MPI_CHAR.
# Size       Avg Latency(us)
1                       0.21
2                       0.21
4                       0.20
8                       0.21
16                      0.21
32                      0.24
64                      0.23
128                     0.30
256                     0.33
512                     0.34
1024                    0.43
2048                    0.56
4096                    0.85
8192                    1.35
16384                   2.95
32768                   5.09
65536                   6.74
131072                  9.82
262144                 15.61
524288                 28.79
1048576                61.22

Iter: 2
# OSU MPI Broadcast Latency Test v7.3
# Datatype: MPI_CHAR.
# Size       Avg Latency(us)
1                       0.21
2                       0.21
4                       0.21
8                       0.21
16                      0.21
32                      0.26
64                      0.25
128                     0.32
256                     0.34
512                     0.36
1024                    0.43
2048                    0.57
4096                    0.85
8192                    1.36
16384                   3.07
32768                   5.15
65536                   6.74
131072                  9.69
262144                 15.33
524288                 28.56
1048576                63.52

Iter: 3
# OSU MPI Broadcast Latency Test v7.3
# Datatype: MPI_CHAR.
# Size       Avg Latency(us)
1                       0.20
2                       0.20
4                       0.20
8                       0.20
16                      0.20
32                      0.24
64                      0.23
128                     0.31
256                     0.33
512                     0.36
1024                    0.43
2048                    0.55
4096                    0.84
8192                    1.34
16384                   3.03
32768                   5.08
65536                   6.60
131072                  9.73
262144                 15.28
524288                 28.32
1048576                62.25

Iter: 4
# OSU MPI Broadcast Latency Test v7.3
# Datatype: MPI_CHAR.
# Size       Avg Latency(us)
1                       0.21
2                       0.21
4                       0.21
8                       0.21
16                      0.21
32                      0.27
64                      0.26
128                     0.33
256                     0.35
512                     0.38
1024                    0.45
2048                    0.57
4096                    0.85
8192                    1.37
16384                   3.05
32768                   5.18
65536                   6.78
131072                  9.77
262144                 15.40
524288                 28.31
1048576                62.52

Iter: 5
# OSU MPI Broadcast Latency Test v7.3
# Datatype: MPI_CHAR.
# Size       Avg Latency(us)
1                       0.20
2                       0.20
4                       0.20
8                       0.20
16                      0.20
32                      0.26
64                      0.23
128                     0.32
256                     0.33
512                     0.36
1024                    0.43
2048                    0.56
4096                    0.85
8192                    1.36
16384                   3.05
32768                   5.20
65536                   6.81
131072                  9.79
262144                 15.31
524288                 28.61
1048576                63.81

Iter: 6
# OSU MPI Broadcast Latency Test v7.3
# Datatype: MPI_CHAR.
# Size       Avg Latency(us)
1                       0.20
2                       0.20
4                       0.20
8                       0.20
16                      0.20
32                      0.22
64                      0.23
128                     0.31
256                     0.33
512                     0.36
1024                    0.44
2048                    0.56
4096                    0.84
8192                    1.36
16384                   3.01
32768                   5.09
65536                   6.67
131072                  9.69
262144                 15.36
524288                 29.16
1048576                63.78

Iter: 7
# OSU MPI Broadcast Latency Test v7.3
# Datatype: MPI_CHAR.
# Size       Avg Latency(us)
1                       0.21
2                       0.21
4                       0.20
8                       0.20
16                      0.20
32                      0.23
64                      0.24
128                     0.31
256                     0.34
512                     0.36
1024                    0.44
2048                    0.55
4096                    0.83
8192                    1.35
16384                   3.04
32768                   5.12
65536                   6.76
131072                  9.73
262144                 15.29
524288                 28.57
1048576                61.35

Iter: 8

Procs: 4

Iter: 1
# OSU MPI Broadcast Latency Test v7.3
# Datatype: MPI_CHAR.
# Size       Avg Latency(us)
1                       0.35
2                       0.35
4                       0.35
8                       0.35
16                      0.37
32                      0.63
64                      0.59
128                     1.05
256                     1.10
512                     1.30
1024                    1.61
2048                    2.40
4096                    3.75
8192                    5.77
16384                   8.81
32768                  14.18
65536                  22.70
131072                 40.87
262144                 80.28
524288                164.60
1048576               338.68

Iter: 2
# OSU MPI Broadcast Latency Test v7.3
# Datatype: MPI_CHAR.
# Size       Avg Latency(us)
1                       0.32
2                       0.32
4                       0.33
8                       0.33
16                      0.35
32                      0.61
64                      0.55
128                     1.08
256                     1.14
512                     1.32
1024                    1.63
2048                    2.48
4096                    3.79
8192                    5.82
16384                   9.45
32768                  14.64
65536                  22.92
131072                 40.68
262144                 81.48
524288                170.90
1048576               323.85

Iter: 3
# OSU MPI Broadcast Latency Test v7.3
# Datatype: MPI_CHAR.
# Size       Avg Latency(us)
1                       0.35
2                       0.34
4                       0.34
8                       0.34
16                      0.35
32                      0.65
64                      0.58
128                     1.06
256                     1.11
512                     1.36
1024                    1.63
2048                    2.50
4096                    3.85
8192                    5.98
16384                   8.98
32768                  14.11
65536                  22.98
131072                 40.40
262144                 77.22
524288                158.43
1048576               338.00

Iter: 4
# OSU MPI Broadcast Latency Test v7.3
# Datatype: MPI_CHAR.
# Size       Avg Latency(us)
1                       0.36
2                       0.34
4                       0.34
8                       0.34
16                      0.38
32                      0.63
64                      0.55
128                     1.05
256                     1.11
512                     1.30
1024                    1.62
2048                    2.43
4096                    3.75
8192                    5.78
16384                   8.99
32768                  14.00
65536                  22.72
131072                 40.64
262144                 79.80
524288                162.08
1048576               335.65

Iter: 5
# OSU MPI Broadcast Latency Test v7.3
# Datatype: MPI_CHAR.
# Size       Avg Latency(us)
1                       0.33
2                       0.34
4                       0.33
8                       0.34
16                      0.36
32                      0.62
64                      0.58
128                     1.04
256                     1.08
512                     1.27
1024                    1.59
2048                    2.45
4096                    3.70
8192                    5.77
16384                   9.16
32768                  14.37
65536                  22.50
131072                 40.23
262144                 77.06
524288                158.30
1048576               319.89

Iter: 6
# OSU MPI Broadcast Latency Test v7.3
# Datatype: MPI_CHAR.
# Size       Avg Latency(us)
1                       0.32
2                       0.32
4                       0.33
8                       0.33
16                      0.38
32                      0.62
64                      0.57
128                     1.06
256                     1.14
512                     1.34
1024                    1.58
2048                    2.46
4096                    3.77
8192                    5.80
16384                   8.97
32768                  14.21
65536                  22.14
131072                 40.58
262144                 76.12
524288                157.26
1048576               317.16

Iter: 7
# OSU MPI Broadcast Latency Test v7.3
# Datatype: MPI_CHAR.
# Size       Avg Latency(us)
1                       0.34
2                       0.33
4                       0.33
8                       0.32
16                      0.39
32                      0.61
64                      0.57
128                     1.06
256                     1.10
512                     1.30
1024                    1.62
2048                    2.45
4096                    3.86
8192                    5.96
16384                   9.19
32768                  14.78
65536                  23.00
131072                 40.96
262144                 79.45
524288                164.38
1048576               339.72

Iter: 8
# OSU MPI Broadcast Latency Test v7.3
# Datatype: MPI_CHAR.
# Size       Avg Latency(us)
1                       0.33
2                       0.33
4                       0.32
8                       0.32
16                      0.36
32                      0.60
64                      0.55
128                     1.05
256                     1.10
512                     1.30
1024                    1.58
2048                    2.48
4096                    3.75
8192                    5.78
16384                   9.11
32768                  14.41
65536                  23.11
131072                 41.21
262144                 76.77
524288                168.98
1048576               319.49


Procs: 8

Iter: 1
# OSU MPI Broadcast Latency Test v7.3
# Datatype: MPI_CHAR.
# Size       Avg Latency(us)
1                       1.03
2                       1.01
4                       1.00
8                       1.01
16                      1.02
32                      1.35
64                      1.47
128                     2.69
256                     2.76
512                     3.06
1024                    3.65
2048                    4.93
4096                    7.00
8192                   10.99
16384                  13.71
32768                  22.59
65536                  41.31
131072                 82.44
262144                162.45
524288                311.98
1048576               511.11

Iter: 2
# OSU MPI Broadcast Latency Test v7.3
# Datatype: MPI_CHAR.
# Size       Avg Latency(us)
1                       0.99
2                       1.01
4                       1.01
8                       1.01
16                      1.01
32                      1.39
64                      1.48
128                     2.64
256                     2.78
512                     3.01
1024                    3.61
2048                    4.98
4096                    6.97
8192                   10.93
16384                  13.73
32768                  22.94
65536                  42.46
131072                 78.14
262144                150.18
524288                290.88
1048576               557.89

Iter: 3
# OSU MPI Broadcast Latency Test v7.3
# Datatype: MPI_CHAR.
# Size       Avg Latency(us)
1                       0.98
2                       1.00
4                       1.00
8                       0.99
16                      0.99
32                      1.72
64                      1.43
128                     2.72
256                     2.80
512                     3.04
1024                    3.65
2048                    4.96
4096                    7.08
8192                   11.01
16384                  13.83
32768                  22.75
65536                  42.40
131072                 84.21
262144                170.58
524288                329.85
1048576               513.11

Iter: 4
# OSU MPI Broadcast Latency Test v7.3
# Datatype: MPI_CHAR.
# Size       Avg Latency(us)
1                       1.14
2                       1.02
4                       1.00
8                       0.99
16                      0.99
32                      1.42
64                      1.48
128                     2.75
256                     2.74
512                     3.05
1024                    3.69
2048                    4.96
4096                    7.00
8192                   10.93
16384                  13.97
32768                  23.47
65536                  44.91
131072                 80.99
262144                160.67
524288                316.89
1048576               536.23

Iter: 5
# OSU MPI Broadcast Latency Test v7.3
# Datatype: MPI_CHAR.
# Size       Avg Latency(us)
1                       1.00
2                       0.97
4                       0.97
8                       0.97
16                      0.97
32                      1.41
64                      1.42
128                     2.63
256                     2.77
512                     3.04
1024                    3.64
2048                    4.97
4096                    6.98
8192                   10.95
16384                  14.02
32768                  23.08
65536                  49.35
131072                 85.54
262144                179.21
524288                336.57
1048576               546.79

Iter: 6
# OSU MPI Broadcast Latency Test v7.3
# Datatype: MPI_CHAR.
# Size       Avg Latency(us)
1                       1.16
2                       1.04
4                       1.01
8                       1.00
16                      1.01
32                      1.39
64                      1.41
128                     2.65
256                     2.71
512                     3.01
1024                    3.65
2048                    4.98
4096                    6.95
8192                   10.93
16384                  14.11
32768                  22.94
65536                  41.72
131072                 87.72
262144                172.56
524288                318.42
1048576               528.39

Iter: 7
# OSU MPI Broadcast Latency Test v7.3
# Datatype: MPI_CHAR.
# Size       Avg Latency(us)
1                       0.98
2                       0.99
4                       1.00
8                       0.98
16                      0.99
32                      1.33
64                      1.47
128                     2.66
256                     2.72
512                     3.00
1024                    3.64
2048                    4.95
4096                    7.03
8192                   10.99
16384                  13.95
32768                  23.00
65536                  45.12
131072                 81.23
262144                155.33
524288                316.81
1048576               530.93

Iter: 8
# OSU MPI Broadcast Latency Test v7.3
# Datatype: MPI_CHAR.
# Size       Avg Latency(us)
1                       0.98
2                       0.98
4                       0.98
8                       0.98
16                      0.99
32                      1.48
64                      1.56
128                     2.73
256                     2.77
512                     3.05
1024                    3.75
2048                    4.97
4096                    7.04
8192                   10.91
16384                  13.89
32768                  22.87
65536                  45.49
131072                 86.46
262144                173.77
524288                336.36
1048576               601.01


Procs: 16

Iter: 1
# OSU MPI Broadcast Latency Test v7.3
# Datatype: MPI_CHAR.
# Size       Avg Latency(us)
1                       1.58
2                       1.57
4                       1.57
8                       1.57
16                      1.56
32                      2.44
64                      2.16
128                     3.95
256                     4.07
512                     4.52
1024                    5.56
2048                    7.12
4096                   10.14
8192                   16.01
16384                  25.55
32768                  42.06
65536                  77.82
131072                138.57
262144                271.42
524288                556.68
1048576              1005.82

Iter: 2
# OSU MPI Broadcast Latency Test v7.3
# Datatype: MPI_CHAR.
# Size       Avg Latency(us)
1                       1.59
2                       1.56
4                       1.55
8                       1.55
16                      1.55
32                      2.43
64                      2.12
128                     3.93
256                     4.03
512                     4.57
1024                    5.57
2048                    7.11
4096                   10.09
8192                   15.99
16384                  25.68
32768                  41.93
65536                  79.11
131072                149.32
262144                278.96
524288                540.80
1048576              1017.99

Iter: 3
# OSU MPI Broadcast Latency Test v7.3
# Datatype: MPI_CHAR.
# Size       Avg Latency(us)
1                       1.53
2                       1.56
4                       1.56
8                       1.55
16                      1.58
32                      2.62
64                      2.18
128                     3.93
256                     4.07
512                     4.52
1024                    5.55
2048                    7.15
4096                   10.17
8192                   16.11
16384                  26.52
32768                  43.08
65536                  79.89
131072                143.72
262144                283.48
524288                583.16
1048576              1000.86

Iter: 4
# OSU MPI Broadcast Latency Test v7.3
# Datatype: MPI_CHAR.
# Size       Avg Latency(us)
1                       1.56
2                       1.54
4                       1.54
8                       1.53
16                      1.52
32                      2.39
64                      2.12
128                     3.85
256                     3.98
512                     4.47
1024                    5.53
2048                    7.07
4096                   10.09
8192                   16.00
16384                  25.77
32768                  42.46
65536                  79.35
131072                145.04
262144                291.82
524288                534.13
1048576               986.44

Iter: 5
# OSU MPI Broadcast Latency Test v7.3
# Datatype: MPI_CHAR.
# Size       Avg Latency(us)
1                       1.52
2                       1.53
4                       1.53
8                       1.53
16                      1.52
32                      2.44
64                      2.12
128                     3.73
256                     3.87
512                     4.45
1024                    5.42
2048                    7.12
4096                   10.14
8192                   16.02
16384                  25.74
32768                  42.72
65536                  75.65
131072                149.57
262144                286.24
524288                557.87
1048576              1000.69

Iter: 6
# OSU MPI Broadcast Latency Test v7.3
# Datatype: MPI_CHAR.
# Size       Avg Latency(us)
1                       1.82
2                       1.55
4                       1.55
8                       1.54
16                      1.54
32                      2.54
64                      2.21
128                     3.91
256                     4.03
512                     4.49
1024                    5.56
2048                    7.11
4096                   10.10
8192                   16.01
16384                  26.20
32768                  42.81
65536                  85.89
131072                147.78
262144                284.36
524288                545.58
1048576              1064.45

Iter: 7
# OSU MPI Broadcast Latency Test v7.3
# Datatype: MPI_CHAR.
# Size       Avg Latency(us)
1                       1.77
2                       1.59
4                       1.60
8                       1.58
16                      1.57
32                      2.46
64                      2.14
128                     3.92
256                     4.05
512                     4.53
1024                    5.56
2048                    7.12
4096                   10.25
8192                   16.19
16384                  26.56
32768                  43.38
65536                  84.28
131072                151.68
262144                281.01
524288                582.43
1048576              1016.97

Iter: 8
# OSU MPI Broadcast Latency Test v7.3
# Datatype: MPI_CHAR.
# Size       Avg Latency(us)
1                       1.60
2                       1.57
4                       1.57
8                       1.56
16                      1.56
32                      2.50
64                      2.19
128                     3.89
256                     4.00
512                     4.47
1024                    5.52
2048                    7.10
4096                   10.11
8192                   16.20
16384                  26.50
32768                  43.14
65536                  81.40
131072                148.82
262144                293.12
524288                536.65
1048576               990.71


Procs: 32

Iter: 1
# OSU MPI Broadcast Latency Test v7.3
# Datatype: MPI_CHAR.
# Size       Avg Latency(us)
1                       3.04
2                       3.02
4                       3.43
8                       2.98
16                      2.98
32                      4.29
64                      4.08
128                     6.53
256                     6.70
512                     7.47
1024                    8.94
2048                   11.69
4096                   16.62
8192                   26.22
16384                  42.80
32768                  69.06
65536                 118.05
131072                227.63
262144                451.34
524288                855.12
1048576              1625.75

Iter: 2
# OSU MPI Broadcast Latency Test v7.3
# Datatype: MPI_CHAR.
# Size       Avg Latency(us)
1                       3.08
2                       3.13
4                       3.35
8                       3.01
16                      2.99
32                      4.24
64                      4.10
128                     6.51
256                     6.71
512                     7.45
1024                    8.92
2048                   11.77
4096                   16.57
8192                   26.10
16384                  43.82
32768                  70.65
65536                 124.01
131072                224.02
262144                433.70
524288                857.58
1048576              1643.95

Iter: 3
# OSU MPI Broadcast Latency Test v7.3
# Datatype: MPI_CHAR.
# Size       Avg Latency(us)
1                       3.13
2                       3.03
4                       3.55
8                       3.04
16                      3.02
32                      4.34
64                      4.19
128                     6.51
256                     6.69
512                     7.49
1024                    8.94
2048                   11.72
4096                   16.59
8192                   26.43
16384                  43.35
32768                  69.23
65536                 117.93
131072                234.31
262144                443.58
524288                850.99
1048576              1641.65

Iter: 4
# OSU MPI Broadcast Latency Test v7.3
# Datatype: MPI_CHAR.
# Size       Avg Latency(us)
1                       3.02
2                       2.99
4                       3.53
8                       3.00
16                      2.97
32                      4.20
64                      4.09
128                     6.52
256                     6.70
512                     7.48
1024                    8.96
2048                   11.78
4096                   16.59
8192                   26.24
16384                  43.38
32768                  72.65
65536                 123.70
131072                237.95
262144                442.90
524288                868.30
1048576              1635.13

Iter: 5
# OSU MPI Broadcast Latency Test v7.3
# Datatype: MPI_CHAR.
# Size       Avg Latency(us)
1                       3.03
2                       3.01
4                       3.44
8                       3.01
16                      2.99
32                      4.25
64                      4.14
128                     6.52
256                     6.70
512                     7.43
1024                    8.97
2048                   11.74
4096                   16.51
8192                   26.13
16384                  43.93
32768                  70.42
65536                 128.09
131072                240.40
262144                445.24
524288                874.25
1048576              1642.92

Iter: 6
# OSU MPI Broadcast Latency Test v7.3
# Datatype: MPI_CHAR.
# Size       Avg Latency(us)
1                       3.02
2                       3.00
4                       3.44
8                       2.99
16                      2.98
32                      4.29
64                      4.39
128                     6.54
256                     6.71
512                     7.39
1024                    8.92
2048                   11.83
4096                   16.65
8192                   26.53
16384                  43.50
32768                  73.49
65536                 125.19
131072                226.78
262144                430.81
524288                858.59
1048576              1650.00

Iter: 7
# OSU MPI Broadcast Latency Test v7.3
# Datatype: MPI_CHAR.
# Size       Avg Latency(us)
1                       3.01
2                       3.04
4                       3.33
8                       2.95
16                      2.93
32                      4.23
64                      4.00
128                     6.43
256                     6.63
512                     7.38
1024                    8.96
2048                   11.80
4096                   16.67
8192                   26.15
16384                  43.98
32768                  69.34
65536                 121.98
131072                229.41
262144                463.88
524288                844.66
1048576              1663.88

Iter: 8
# OSU MPI Broadcast Latency Test v7.3
# Datatype: MPI_CHAR.
# Size       Avg Latency(us)
1                       3.01
2                       3.01
4                       3.39
8                       2.99
16                      2.96
32                      4.24
64                      4.08
128                     6.40
256                     6.68
512                     7.53
1024                    8.90
2048                   11.69
4096                   16.67
8192                   26.40
16384                  43.56
32768                  72.40
65536                 128.02
131072                234.89
262144                447.24
524288                895.21
1048576              1637.81

-------------------------------------------
