Algorithm,Procs,Size,Avg Latency(us) Mean,Avg Latency(us) Std Error
0,2,1,0.28,0.009486832980505133
0,2,2,0.28200000000000003,0.007348469228349527
0,2,4,0.274,0.008124038404635959
0,2,8,0.274,0.010295630140986998
0,2,16,0.27,0.009486832980505138
0,2,32,0.32199999999999995,0.011575836902790227
0,2,64,0.31799999999999995,0.011575836902790225
0,2,128,0.404,0.01503329637837291
0,2,256,0.398,0.01655294535724685
0,2,512,0.45199999999999996,0.01685229954635272
0,2,1024,0.49800000000000005,0.019339079605813724
0,2,2048,0.662,0.02922327839240492
0,2,4096,0.9880000000000001,0.028000000000000004
0,2,8192,1.576,0.04433959855479073
0,2,16384,3.982,0.11989161772200761
0,2,32768,6.628,0.1907196895970629
0,2,65536,8.553999999999998,0.2154205189855412
0,2,131072,12.581999999999999,0.32081770524707626
0,2,262144,20.53,0.5285357130790692
0,2,524288,38.438,1.0545681580628155
0,2,1048576,78.642,1.7846635537265843
0,4,1,0.866,0.0060000000000000045
0,4,2,0.8699999999999999,0.008366600265340763
0,4,4,0.8560000000000001,0.008717797887081354
0,4,8,0.8140000000000001,0.010770329614268992
0,4,16,0.784,0.01029563014098699
0,4,32,0.9259999999999999,0.010770329614268992
0,4,64,0.8699999999999999,0.0070710678118654805
0,4,128,1.3739999999999999,0.00599999999999996
0,4,256,1.3980000000000001,0.011999999999999983
0,4,512,1.5380000000000003,0.006633249580710805
0,4,1024,1.886,0.011661903789690562
0,4,2048,2.73,0.021213203435596434
0,4,4096,3.6659999999999995,0.0320312347560939
0,4,8192,6.1240000000000006,0.052687759489277945
0,4,16384,9.198,0.1122229922965876
0,4,32768,13.572,0.11939011684389962
0,4,65536,22.395999999999997,0.36357392645788
0,4,131072,40.286,0.7741873158351282
0,4,262144,78.016,1.0115710553391692
0,4,524288,168.01,2.355156045785499
0,4,1048576,513.892,1.7214249911047552
0,6,1,0.992,0.1084158659975559
0,6,2,0.9959999999999999,0.10500476179678708
0,6,4,0.978,0.08765842800324451
0,6,8,0.9799999999999999,0.073824115301167
0,6,16,0.9560000000000001,0.05591064299397743
0,6,32,1.1640000000000001,0.05221110992882645
0,6,64,1.0639999999999998,0.046968074263269495
0,6,128,1.6300000000000001,0.05830951894845301
0,6,256,1.6700000000000004,0.04658325879540847
0,6,512,1.844,0.051048996072400876
0,6,1024,2.1879999999999997,0.060613529842766925
0,6,2048,3.15,0.06457553716385178
0,6,4096,4.162000000000001,0.06755738301621816
0,6,8192,8.45,0.0412310562561766
0,6,16384,10.672,0.22039509976403748
0,6,32768,18.436,0.15400000000000005
0,6,65536,33.92,0.37866872065170587
0,6,131072,66.60000000000001,0.9923154740303115
0,6,262144,129.99200000000002,1.5750853945104064
0,6,524288,257.128,5.724181513544098
0,6,1048576,920.9739999999999,1.2073342536348406
0,8,1,0.9720000000000001,0.029732137494637014
0,8,2,0.9400000000000001,0.020976176963403023
0,8,4,0.938,0.023108440016582684
0,8,8,1.0080000000000002,0.0267207784317748
0,8,16,0.9959999999999999,0.026758176320519328
0,8,32,1.37,0.033615472627943205
0,8,64,1.1700000000000002,0.020248456731316575
0,8,128,1.932,0.024166091947189126
0,8,256,1.9619999999999997,0.014628738838327805
0,8,512,2.184,0.015033296378372897
0,8,1024,2.586,0.013638181696985842
0,8,2048,3.474,0.017492855684535874
0,8,4096,4.936,0.03695943722515264
0,8,8192,7.586,0.07420242583635654
0,8,16384,13.684000000000001,0.21442014830700964
0,8,32768,22.486,0.37393314910555836
0,8,65536,43.48800000000001,0.5389007329740796
0,8,131072,87.86800000000001,0.9507965081972055
0,8,262144,176.574,1.4810185684183734
0,8,524288,348.56800000000004,2.3846328857918584
0,8,1048576,616.7760000000001,16.26242743258214
0,10,1,1.46,0.12401612798341995
0,10,2,1.452,0.10091580649234293
0,10,4,1.444,0.09657121724406295
0,10,8,1.492,0.06319810123729983
0,10,16,1.454,0.05793099343184092
0,10,32,1.704,0.056089214649520595
0,10,64,1.5439999999999998,0.031080540535840095
0,10,128,2.238,0.03624913792078373
0,10,256,2.248,0.031368774282716255
0,10,512,2.432,0.030724582991474392
0,10,1024,2.9619999999999997,0.032465366161495826
0,10,2048,3.7920000000000003,0.035693136595149534
0,10,4096,5.433999999999999,0.08925245094673886
0,10,8192,8.488,0.07116178749862878
0,10,16384,15.092000000000002,0.31385346899468863
0,10,32768,27.267999999999994,0.31537913691301794
0,10,65536,53.384,0.6786648657474464
0,10,131072,102.94599999999998,3.7715601546309707
0,10,262144,205.36999999999998,8.549047315344561
0,10,524288,404.53999999999996,18.367320980480528
0,10,1048576,740.118,14.727134616075189
0,12,1,1.166,0.08857764955111418
0,12,2,1.184,0.0849470423263812
0,12,4,1.186,0.07704544113703288
0,12,8,1.294,0.05988321968631947
0,12,16,1.2719999999999998,0.04872371086031932
0,12,32,1.552,0.04872371086031932
0,12,64,1.384,0.04589117562233505
0,12,128,2.1420000000000003,0.03916631205513229
0,12,256,2.138,0.03773592452822642
0,12,512,2.34,0.02428991560298227
0,12,1024,2.9120000000000004,0.02289104628451921
0,12,2048,3.8579999999999997,0.02437211521390791
0,12,4096,5.5920000000000005,0.03746998799039043
0,12,8192,8.75,0.0824621125123533
0,12,16384,15.922,0.2152997909892158
0,12,32768,31.753999999999998,0.3510925803830095
0,12,65536,63.034000000000006,0.9108380756204695
0,12,131072,129.5,1.178019524456197
0,12,262144,258.39199999999994,2.385123476887519
0,12,524288,500.02400000000006,16.854525386376206
0,12,1048576,865.134,40.94721182205206
0,14,1,1.386,0.05334791467339656
0,14,2,1.384,0.06021627686929838
0,14,4,1.3719999999999999,0.05944745579080739
0,14,8,1.436,0.05334791467339656
0,14,16,1.378,0.04831148931672464
0,14,32,1.7099999999999997,0.04868264577855234
0,14,64,1.462,0.03292415526630868
0,14,128,2.226,0.032649655434629
0,14,256,2.202,0.022891046284519153
0,14,512,2.362,0.015937377450509216
0,14,1024,3.02,0.0070710678118654805
0,14,2048,3.846,0.019390719429665332
0,14,4096,5.8740000000000006,0.060299253726725344
0,14,8192,9.128,0.04586937976471872
0,14,16384,16.634,0.1948743184721884
0,14,32768,35.264,0.16705089044958724
0,14,65536,71.98400000000001,0.4215518947887659
0,14,131072,150.23,4.064638975358084
0,14,262144,291.804,4.675479226774515
0,14,524288,572.078,19.365515330091274
0,14,1048576,1061.672,15.283467996498704
0,16,1,1.408,0.06851277253184256
0,16,2,1.394,0.0749399759807808
0,16,4,1.386,0.07187489130426565
0,16,8,1.3379999999999999,0.0537028863283902
0,16,16,1.3119999999999998,0.05073460357586328
0,16,32,1.624,0.06004997918400971
0,16,64,1.552,0.04282522621072769
0,16,128,2.474,0.03264965543462899
0,16,256,2.466,0.031080540535840095
0,16,512,2.6580000000000004,0.02576819745345025
0,16,1024,3.178,0.02395829710142188
0,16,2048,4.279999999999999,0.03435112807463531
0,16,4096,5.76,0.016431676725154956
0,16,8192,8.772,0.028178005607210566
0,16,16384,17.322000000000003,0.1396567220007687
0,16,32768,29.637999999999998,0.250487524639452
0,16,65536,53.827999999999996,0.48490617649190587
0,16,131072,102.374,0.4347021969118629
0,16,262144,200.70199999999997,1.9203525717950876
0,16,524288,393.432,3.2472425225104398
0,16,1048576,357.80000000000007,1.3224333631604979
0,18,1,1.598,0.19087692369692044
0,18,2,1.5979999999999999,0.18402173784637507
0,18,4,1.5899999999999999,0.16446884203398526
0,18,8,1.5559999999999998,0.14928496240412154
0,18,16,1.536,0.13052202879207783
0,18,32,1.832,0.10036931802099686
0,18,64,1.754,0.0953205119583398
0,18,128,2.784,0.05758472019555189
0,18,256,2.79,0.05648008498577174
0,18,512,2.962,0.03597221149720988
0,18,1024,3.63,0.036606010435446215
0,18,2048,4.726000000000001,0.0488466989672792
0,18,4096,6.35,0.0672309452558865
0,18,8192,9.190000000000001,0.06074537019394965
0,18,16384,18.57,0.15556349186104046
0,18,32768,31.145999999999997,0.1926551322960278
0,18,65536,55.916,0.47755209139946153
0,18,131072,107.36600000000001,0.568063376745941
0,18,262144,208.334,1.5949407512506546
0,18,524288,403.774,7.884622755718876
0,18,1048576,517.27,1.12620158053521
0,20,1,1.352,0.10489995233554686
0,20,2,1.4060000000000001,0.10279105019407088
0,20,4,1.398,0.09090654541890808
0,20,8,1.39,0.09327379053088815
0,20,16,1.394,0.08675252157718528
0,20,32,1.7600000000000002,0.07655063683601851
0,20,64,1.614,0.061122827159744514
0,20,128,2.648,0.06560487786742687
0,20,256,2.622,0.04374928570845473
0,20,512,2.832,0.02870540018881466
0,20,1024,3.522,0.02517935662402832
0,20,2048,4.752,0.018275666882497064
0,20,4096,6.146000000000001,0.014352700094407344
0,20,8192,9.172,0.05571355310873635
0,20,16384,18.752,0.23624986772483064
0,20,32768,32.05,0.4528796749689699
0,20,65536,59.556000000000004,0.5621796865771662
0,20,131072,113.49600000000001,1.1396824119025437
0,20,262144,219.752,1.1579265952555002
0,20,524288,430.162,3.7304214239144637
0,20,1048576,514.318,2.3133707009469897
0,22,1,1.3199999999999998,0.02810693864511039
0,22,2,1.282,0.03455430508634198
0,22,4,1.276,0.0317175030543074
0,22,8,1.272,0.02353720459187966
0,22,16,1.27,0.025099800796022288
0,22,32,1.582,0.008000000000000007
0,22,64,1.5220000000000002,0.01827566688249708
0,22,128,2.512,0.020346989949375775
0,22,256,2.508,0.018814887722226784
0,22,512,2.7179999999999995,0.01933907960581371
0,22,1024,3.4480000000000004,0.01562049935181324
0,22,2048,4.578,0.02905167809266789
0,22,4096,6.318,0.05571355310873656
0,22,8192,9.27,0.06985699678629186
0,22,16384,18.956,0.18768590783540434
0,22,32768,32.302,0.5951504011592361
0,22,65536,59.92999999999999,0.8631106533927155
0,22,131072,114.582,0.7142366554581189
0,22,262144,223.754,1.181607379800921
0,22,524288,435.37999999999994,5.064932378620666
0,22,1048576,488.24399999999997,2.0928965574055507
0,24,1,1.2399999999999998,0.01581138830084191
0,24,2,1.228,0.025768197453450273
0,24,4,1.232,0.017435595774162708
0,24,8,1.238,0.021540659228538036
0,24,16,1.224,0.0201494416796099
0,24,32,1.634,0.016911534525287722
0,24,64,1.552,0.019849433241279225
0,24,128,2.46,0.022135943621178652
0,24,256,2.482,0.019849433241279163
0,24,512,2.724,0.0237907545067406
0,24,1024,3.4979999999999998,0.028354893757515657
0,24,2048,4.646,0.034871191548325506
0,24,4096,6.409999999999999,0.03492849839314595
0,24,8192,9.584,0.06720119046564582
0,24,16384,19.348000000000003,0.28766994976882765
0,24,32768,34.326,0.2414249365744977
0,24,65536,62.538,0.9117422881494529
0,24,131072,119.018,1.2399008024838127
0,24,262144,229.57600000000002,4.115418083257154
0,24,524288,450.9440000000001,8.493822225594316
0,24,1048576,473.758,1.3517226046789372
2,2,1,0.264,0.008124038404635967
2,2,2,0.272,0.007999999999999993
2,2,4,0.252,0.009165151389911681
2,2,8,0.256,0.008124038404635962
2,2,16,0.258,0.01113552872566005
2,2,32,0.31,0.01
2,2,64,0.298,0.011575836902790227
2,2,128,0.372,0.008602325267042634
2,2,256,0.39,0.014832396974191316
2,2,512,0.43600000000000005,0.009273618495495711
2,2,1024,0.5,0.015811388300841903
2,2,2048,0.634,0.009273618495495711
2,2,4096,0.966,0.02111871208194287
2,2,8192,1.5,0.033166247903554026
2,2,16384,3.7299999999999995,0.10246950765959593
2,2,32768,6.218000000000001,0.12431411826498216
2,2,65536,8.202000000000002,0.18935152494764854
2,2,131072,12.218,0.24230971916124214
2,2,262144,20.080000000000002,0.3689579921888131
2,2,524288,37.818,0.7318633752279166
2,2,1048576,76.9,1.7424838593226628
2,4,1,0.66,0.01140175425099137
2,4,2,0.664,0.00509901951359279
2,4,4,0.65,0.005477225575051666
2,4,8,0.632,0.0058309518948453055
2,4,16,0.612,0.0073484692283495405
2,4,32,0.76,0.003162277660168382
2,4,64,0.6839999999999999,0.006782329983125252
2,4,128,1.338,0.0020000000000000018
2,4,256,1.388,0.008602325267042597
2,4,512,1.598,0.01743559577416268
2,4,1024,1.924,0.00979795897113272
2,4,2048,2.71,0.013038404810405257
2,4,4096,3.8259999999999996,0.03140063693621521
2,4,8192,6.081999999999999,0.021771541057077327
2,4,16384,9.058,0.1684755175092218
2,4,32768,13.836000000000002,0.29256794082742527
2,4,65536,22.741999999999997,0.5589490137749595
2,4,131072,41.174,0.7165793745287401
2,4,262144,82.348,1.389958272754976
2,4,524288,169.05,1.5065191668213156
2,4,1048576,332.21000000000004,7.568471444089616
2,6,1,1.1260000000000001,0.009273618495495666
2,6,2,1.136,0.014352700094407303
2,6,4,1.104,0.02379075450674062
2,6,8,1.044,0.018055470085267804
2,6,16,0.97,0.009486832980505146
2,6,32,1.2399999999999998,0.010000000000000009
2,6,64,1.148,0.013928388277184109
2,6,128,2.0759999999999996,0.011661903789690576
2,6,256,2.118,0.005830951894845275
2,6,512,2.372,0.00916515138991168
2,6,1024,2.8980000000000006,0.0058309518948452595
2,6,2048,3.818,0.008602325267042653
2,6,4096,5.3340000000000005,0.03140063693621517
2,6,8192,8.510000000000002,0.023021728866442763
2,6,16384,12.68,0.19159853861655632
2,6,32768,21.574,0.11057124400132216
2,6,65536,40.26,0.38271399242776555
2,6,131072,77.35800000000002,0.9361591744997195
2,6,262144,154.2,2.1973506775205474
2,6,524288,302.662,4.386239163565989
2,6,1048576,531.316,9.523998425031376
2,8,1,1.6420000000000001,0.021307275752662492
2,8,2,1.6040000000000003,0.02271563338320107
2,8,4,1.5539999999999998,0.02874021572639981
2,8,8,1.448,0.028530685235374238
2,8,16,1.416,0.025019992006393606
2,8,32,1.8099999999999998,0.0403732584763727
2,8,64,1.7280000000000002,0.020832666655999678
2,8,128,3.1620000000000004,0.014628738838327772
2,8,256,3.0699999999999994,0.027202941017470877
2,8,512,3.386,0.016309506430300096
2,8,1024,3.968,0.008602325267042613
2,8,2048,5.226,0.024207436873820327
2,8,4096,7.314,0.03613862199918525
2,8,8192,11.279999999999998,0.08848728722251574
2,8,16384,14.256,0.10240117186829475
2,8,32768,23.99,0.036878177829171535
2,8,65536,43.73,0.15401298646542722
2,8,131072,80.932,0.9003965792915911
2,8,262144,159.134,0.9538375123678053
2,8,524288,305.63,1.59988124559293
2,8,1048576,566.8,9.209979370226629
2,10,1,2.2960000000000003,0.12126829758844646
2,10,2,2.27,0.09460443964212246
2,10,4,2.142,0.07492663077971677
2,10,8,2.008,0.05398147830506313
2,10,16,1.904,0.03355592347112502
2,10,32,2.19,0.0535723809439155
2,10,64,2.056,0.03655133376499415
2,10,128,2.832,0.024166091947189165
2,10,256,2.766,0.027313000567495322
2,10,512,2.9639999999999995,0.03599999999999996
2,10,1024,3.568,0.032155870381627066
2,10,2048,4.6,0.0420713679359253
2,10,4096,6.502,0.08315046602394961
2,10,8192,9.742,0.03337663853655709
2,10,16384,19.386000000000003,0.10576388797694612
2,10,32768,33.978,0.14558159224297593
2,10,65536,59.64,1.4444999134648646
2,10,131072,112.684,3.0419082826410127
2,10,262144,223.66800000000003,3.751297642149982
2,10,524288,435.68,4.778712169612226
2,10,1048576,828.558,12.54175840940974
2,12,1,2.476,0.05025932749251625
2,12,2,2.414,0.028740215726399825
2,12,4,2.31,0.015491933384829683
2,12,8,2.1559999999999997,0.01777638883463121
2,12,16,2.04,0.01760681686165902
2,12,32,2.4319999999999995,0.0058309518948452595
2,12,64,2.2600000000000002,0.027018512172212565
2,12,128,3.306,0.010770329614269
2,12,256,3.2439999999999998,0.010770329614269002
2,12,512,3.572,0.019595917942265433
2,12,1024,4.416,0.015033296378372972
2,12,2048,5.688,0.04465422712353229
2,12,4096,7.87,0.05176871642217905
2,12,8192,12.478,0.08151073548925947
2,12,16384,22.291999999999998,0.0882269800004514
2,12,32768,39.245999999999995,0.06660330322138737
2,12,65536,71.36800000000001,0.26361714663503927
2,12,131072,136.094,0.337499629629427
2,12,262144,267.296,0.7064106454463983
2,12,524288,515.5699999999999,5.404807119592705
2,12,1048576,961.6439999999999,12.53712949602101
2,14,1,2.166,0.07332121111929346
2,14,2,2.026,0.0776916983982201
2,14,4,2.0140000000000002,0.06742403132415027
2,14,8,1.8959999999999997,0.04456455991031434
2,14,16,1.83,0.055587768438749185
2,14,32,2.348,0.03215587038162701
2,14,64,2.082,0.0400499687890016
2,14,128,3.55,0.03435112807463535
2,14,256,3.474,0.030919249667480615
2,14,512,3.8019999999999996,0.020346989949375824
2,14,1024,4.88,0.035071355833500496
2,14,2048,6.372,0.030561413579872337
2,14,4096,8.934000000000001,0.08812491134747315
2,14,8192,14.454000000000002,0.05353503525729673
2,14,16384,24.728,0.3251368942461009
2,14,32768,43.054,0.2942379989056483
2,14,65536,79.388,0.45529550843380745
2,14,131072,152.51399999999998,0.4964937059016967
2,14,262144,300.07399999999996,1.0616195175297092
2,14,524288,583.534,1.1258534540516452
2,14,1048576,1053.6699999999998,13.842206471513123
2,16,1,2.154,0.12167990795525778
2,16,2,2.1719999999999997,0.11680753400359072
2,16,4,2.082,0.10066777041337509
2,16,8,1.996,0.0768505042273634
2,16,16,1.92,0.058480766068853766
2,16,32,2.632,0.07683749084919417
2,16,64,2.4579999999999997,0.052096065110524434
2,16,128,4.176,0.03944616584663201
2,16,256,4.151999999999999,0.04079215610874223
2,16,512,4.608,0.01624807680927202
2,16,1024,5.608,0.009695359714832662
2,16,2048,7.266,0.016309506430300054
2,16,4096,10.175999999999998,0.029427877939124204
2,16,8192,16.125999999999998,0.05482700064749102
2,16,16384,25.55,0.16783920876839242
2,16,32768,43.931999999999995,0.13032267646115875
2,16,65536,78.556,0.20646065000382013
2,16,131072,147.58800000000002,0.4338939962709788
2,16,262144,286.528,0.9230893781211057
2,16,524288,554.016,2.311907437593468
2,16,1048576,1059.7779999999998,3.1959183343758824
2,18,1,2.9299999999999997,0.18303005217723126
2,18,2,2.9259999999999997,0.1687187008010671
2,18,4,2.8280000000000003,0.15173661390712523
2,18,8,2.6879999999999997,0.11732007500849968
2,18,16,2.6000000000000005,0.09853933224860009
2,18,32,3.182,0.0805232885567896
2,18,64,2.9859999999999998,0.056267219586540795
2,18,128,4.088,0.03638681079732051
2,18,256,4.112,0.033970575502925995
2,18,512,4.476,0.02039607805437105
2,18,1024,5.460000000000001,0.01702938636592635
2,18,2048,7.056,0.038678159211627365
2,18,4096,9.654,0.04802082881417184
2,18,8192,14.98,0.08105553651663784
2,18,16384,30.208,0.08175573374387848
2,18,32768,51.232000000000006,0.2656012048165448
2,18,65536,92.764,0.2160925727552892
2,18,131072,176.07,0.3154679064500842
2,18,262144,334.226,3.4289861475369077
2,18,524288,640.6659999999999,2.9211686017756633
2,18,1048576,1205.8919999999998,11.431782625645033
2,20,1,2.7939999999999996,0.1797386992275175
2,20,2,2.67,0.18721645226849057
2,20,4,2.62,0.1470374102057024
2,20,8,2.526,0.11029959202100431
2,20,16,2.502,0.07519308478842987
2,20,32,3.232,0.06880406964707832
2,20,64,2.964,0.03187475490101844
2,20,128,4.46,0.021679483388678786
2,20,256,4.462,0.009695359714832761
2,20,512,4.932,0.008602325267042629
2,20,1024,6.162,0.009165151389911697
2,20,2048,8.084,0.01939071942966524
2,20,4096,11.108,0.03039736830714136
2,20,8192,17.412,0.082365041127896
2,20,16384,33.05800000000001,0.17249347813758067
2,20,32768,56.71,0.1317952958189326
2,20,65536,101.342,0.22446380554557097
2,20,131072,193.79399999999998,0.37500133333096475
2,20,262144,377.776,0.9015519951727672
2,20,524288,722.67,2.4603109559565732
2,20,1048576,1370.6960000000001,6.2233412247762985
2,22,1,2.412,0.040546269865426574
2,22,2,2.43,0.04732863826479696
2,22,4,2.42,0.043817804600413256
2,22,8,2.382,0.041880783182743846
2,22,16,2.3939999999999997,0.047916594202843776
2,22,32,3.374,0.043657759905886134
2,22,64,3.0940000000000003,0.016911534525287732
2,22,128,4.9159999999999995,0.018601075237738258
2,22,256,4.973999999999999,0.016309506430300057
2,22,512,5.6240000000000006,0.01599999999999998
2,22,1024,7.024000000000001,0.011661903789690535
2,22,2048,8.931999999999999,0.03826225293941793
2,22,4096,12.373999999999999,0.04249705872175152
2,22,8192,19.241999999999997,0.06460650122085215
2,22,16384,34.784,0.08152300288875547
2,22,32768,58.45,0.9263044855769625
2,22,65536,106.772,2.061725975972557
2,22,131072,205.05,2.3526070645137516
2,22,262144,400.88800000000003,2.6310499805210896
2,22,524288,764.534,3.298430839050599
2,22,1048576,1447.8960000000002,9.091468858220866
2,24,1,2.528,0.0699571297295708
2,24,2,2.4579999999999997,0.04352011029397784
2,24,4,2.426,0.041665333311999286
2,24,8,2.4240000000000004,0.04226109321823087
2,24,16,2.414,0.034871191548325416
2,24,32,3.5740000000000003,0.027313000567495378
2,24,64,3.1700000000000004,0.03
2,24,128,5.182,0.009165151389911697
2,24,256,5.3,0.012247448713915882
2,24,512,5.982000000000001,0.020346989949375796
2,24,1024,7.698,0.009695359714832761
2,24,2048,9.776,0.03880721582386469
2,24,4096,13.362,0.04465422712353229
2,24,8192,21.056,0.06697760819856143
2,24,16384,35.882,0.13196211577570213
2,24,32768,59.754,0.08835157044444678
2,24,65536,106.61600000000001,0.14455448799674062
2,24,131072,201.46800000000002,0.25257474141330855
2,24,262144,389.956,0.5501054444377024
2,24,524288,735.0319999999999,1.5680478309031292
2,24,1048576,1426.656,6.809378532582846
3,2,1,0.29800000000000004,0.011999999999999999
3,2,2,0.3,0.008366600265340756
3,2,4,0.306,0.008124038404635959
3,2,8,0.29600000000000004,0.007483314773547877
3,2,16,0.29400000000000004,0.011661903789690599
3,2,32,0.358,0.01067707825203131
3,2,64,0.34800000000000003,0.014628738838327793
3,2,128,0.42200000000000004,0.008602325267042627
3,2,256,0.44400000000000006,0.009797958971132722
3,2,512,0.47400000000000003,0.011224972160321823
3,2,1024,0.5720000000000001,0.01655294535724684
3,2,2048,0.732,0.017435595774162694
3,2,4096,1.0719999999999998,0.025179356624028332
3,2,8192,1.668,0.02922327839240491
3,2,16384,4.174,0.08152300288875519
3,2,32768,6.954000000000001,0.08795453370918406
3,2,65536,9.068,0.11586198686368189
3,2,131072,13.508,0.21557829204258955
3,2,262144,22.318,0.4988727292606804
3,2,524288,42.702000000000005,0.9272885203646166
3,2,1048576,86.67999999999999,1.0489375577220976
3,4,1,1.2319999999999998,0.023323807579381222
3,4,2,1.2399999999999998,0.03646916505762093
3,4,4,1.182,0.010198039027185577
3,4,8,1.124,0.009797958971132677
3,4,16,1.092,0.008000000000000007
3,4,32,1.4000000000000001,0.04147288270665544
3,4,64,1.31,0.007745966692414842
3,4,128,2.0599999999999996,0.008366600265340736
3,4,256,2.078,0.014628738838327836
3,4,512,2.352,0.014628738838327804
3,4,1024,2.7380000000000004,0.009695359714832626
3,4,2048,3.678,0.01933907960581371
3,4,4096,5.0680000000000005,0.01743559577416267
3,4,8192,8.315999999999999,0.024207436873820442
3,4,16384,16.442,0.12126005112979314
3,4,32768,27.826,0.12789057822998548
3,4,65536,43.892,0.09794896630388679
3,4,131072,76.98,0.15122830422906952
3,4,262144,142.81,0.2668520189168536
3,4,524288,268.284,1.2916059770688613
3,4,1048576,521.48,2.5710950974244504
3,6,1,2.336,0.02461706725018231
3,6,2,2.25,0.01923538406167133
3,6,4,2.11,0.014491376746189421
3,6,8,1.9740000000000002,0.007483314773547888
3,6,16,1.8820000000000001,0.006633249580710769
3,6,32,2.624,0.03867815921162746
3,6,64,2.2879999999999994,0.008602325267042615
3,6,128,3.414,0.010295630140987017
3,6,256,3.4219999999999997,0.011135528725660062
3,6,512,3.7960000000000003,0.014352700094407271
3,6,1024,4.37,0.012247448713915846
3,6,2048,5.856,0.01691153452528774
3,6,4096,8.028,0.018547236990991506
3,6,8192,13.094,0.06508456038109205
3,6,16384,25.330000000000002,0.12856904759700133
3,6,32768,41.4,0.0900555384193557
3,6,65536,71.078,0.20989044761494122
3,6,131072,134.156,0.38889073015437153
3,6,262144,256.892,0.5856312833174149
3,6,524288,495.762,0.8993075113663881
3,6,1048576,947.034,1.2973457519104226
3,8,1,3.7120000000000006,0.0594474557908074
3,8,2,3.4400000000000004,0.05138093031466049
3,8,4,3.178,0.03706750598570125
3,8,8,2.932,0.03541186241925154
3,8,16,2.794,0.025019992006393568
3,8,32,3.664,0.0428485705712571
3,8,64,3.496,0.02135415650406264
3,8,128,4.824,0.011224972160321773
3,8,256,4.692,0.022671568097509302
3,8,512,5.344,0.007483314773547877
3,8,1024,6.202,0.052668776329054805
3,8,2048,8.26,0.024698178070456954
3,8,4096,11.686,0.02271563338320125
3,8,8192,18.53,0.06655824516917454
3,8,16384,34.172000000000004,0.15473848907107787
3,8,32768,55.779999999999994,0.0858487041253393
3,8,65536,95.488,0.33284230500343565
3,8,131072,179.57,0.9355800339896084
3,8,262144,344.914,1.5430962380875657
3,8,524288,655.0939999999999,3.0569569836685715
3,8,1048576,1283.576,4.629434738712715
3,10,1,4.7299999999999995,0.0960728889958035
3,10,2,4.3759999999999994,0.06273754856543255
3,10,4,4.044,0.05491812087098395
3,10,8,3.746,0.05316013544000806
3,10,16,3.508,0.03261901286060021
3,10,32,4.826,0.027495454169735055
3,10,64,4.386,0.013638181696985916
3,10,128,6.16,0.0044721359549994835
3,10,256,6.1579999999999995,0.022226110770892846
3,10,512,7.024000000000001,0.02293468988235938
3,10,1024,8.288,0.019595917942265395
3,10,2048,10.988,0.04004996878900156
3,10,4096,15.004,0.010295630140986781
3,10,8192,23.686,0.06423394741100726
3,10,16384,42.862,0.18064883060789436
3,10,32768,69.686,0.10424010744430372
3,10,65536,119.766,0.22231958978011868
3,10,131072,224.51,0.629722160956718
3,10,262144,430.07,0.7516182541689586
3,10,524288,812.9780000000001,1.7888834506473557
3,10,1048576,1589.2779999999998,2.757679096631804
3,12,1,5.2620000000000005,0.16520895859486553
3,12,2,4.928,0.09473119866232026
3,12,4,4.55,0.08167006795638154
3,12,8,4.166,0.040938978980917445
3,12,16,3.9219999999999997,0.03979949748426478
3,12,32,5.586,0.048228622207149976
3,12,64,4.928,0.02672077843177479
3,12,128,7.256,0.026381811916545785
3,12,256,7.298,0.02154065922853803
3,12,512,8.368,0.017720045146669344
3,12,1024,9.98,0.013038404810405224
3,12,2048,13.212,0.031048349392520283
3,12,4096,17.919999999999998,0.03209361307176224
3,12,8192,28.427999999999997,0.09035485598461217
3,12,16384,51.17399999999999,0.08891569040388803
3,12,32768,83.358,0.10561249926026689
3,12,65536,143.33999999999997,0.4089131937220895
3,12,131072,270.252,0.5546115757897578
3,12,262144,504.466,1.0860276239580702
3,12,524288,974.592,1.8303043462768684
3,12,1048576,1923.4080000000001,4.320808257722174
3,14,1,5.314,0.17113152836341997
3,14,2,4.9719999999999995,0.14461673485458043
3,14,4,4.672,0.09313431161500045
3,14,8,4.392,0.059949979149287465
3,14,16,4.159999999999999,0.035637059362410906
3,14,32,6.268,0.039673668849754706
3,14,64,5.4479999999999995,0.060942595940770394
3,14,128,8.360000000000001,0.017606816861659037
3,14,256,8.556000000000001,0.018055470085267807
3,14,512,9.658000000000001,0.014966629547095978
3,14,1024,11.686,0.038157568056678026
3,14,2048,15.315999999999999,0.043543082114154454
3,14,4096,20.518,0.04662617290749894
3,14,8192,32.94800000000001,0.021307275752663547
3,14,16384,58.983999999999995,0.23724670703720996
3,14,32768,96.55199999999999,0.11555950847939778
3,14,65536,167.412,0.44117343528367536
3,14,131072,314.95200000000006,0.866749098643891
3,14,262144,587.964,1.5126387539660637
3,14,524288,1139.2,2.2149040611277075
3,14,1048576,2251.572,5.267909832181961
3,16,1,6.364,0.1696054244415549
3,16,2,6.036,0.14790537515587457
3,16,4,5.604000000000001,0.0826801064343776
3,16,8,5.11,0.04301162633521321
3,16,16,4.824000000000001,0.044226688774991876
3,16,32,6.814,0.06830812543175221
3,16,64,6.144,0.030430248109405884
3,16,128,9.572,0.03611094017053577
3,16,256,9.629999999999999,0.052725705305856324
3,16,512,10.998,0.025179356624028336
3,16,1024,12.892000000000001,0.013564659966250666
3,16,2048,17.084,0.019390719429665068
3,16,4096,23.227999999999998,0.02709243436828804
3,16,8192,36.73,0.04888762624632142
3,16,16384,67.066,0.1895151708966849
3,16,32768,110.34,0.10798147989354474
3,16,65536,190.042,0.248302235189294
3,16,131072,359.088,0.6972761289474908
3,16,262144,669.818,0.855823579950912
3,16,524288,1320.3200000000002,5.726599339922429
3,16,1048576,2562.7760000000003,5.195728630327019
3,18,1,6.828,0.11257886124845996
3,18,2,6.575999999999999,0.09952889027814994
3,18,4,6.122,0.05266877632905488
3,18,8,5.6979999999999995,0.013564659966250567
3,18,16,5.452000000000001,0.007999999999999985
3,18,32,7.894,0.049254441424098946
3,18,64,7.26,0.06670832032063163
3,18,128,11.175999999999998,0.036687872655688056
3,18,256,11.411999999999999,0.03891015291668746
3,18,512,12.684000000000001,0.03919183588453105
3,18,1024,14.982,0.02615339366124399
3,18,2048,19.619999999999997,0.040987803063838125
3,18,4096,26.583999999999996,0.07685050422736339
3,18,8192,41.604,0.09698453484963537
3,18,16384,75.86,0.07127411872481981
3,18,32768,124.05,0.0789303490426845
3,18,65536,213.92400000000004,0.30362147486631946
3,18,131072,394.78599999999994,0.6116747501736476
3,18,262144,748.3839999999999,0.9865323106720848
3,18,524288,1483.346,4.735503774679095
3,18,1048576,2864.6780000000003,7.202594949044346
3,20,1,6.470000000000001,0.1568757470101736
3,20,2,6.4719999999999995,0.15464152094440875
3,20,4,6.248,0.08737276463521101
3,20,8,6.024,0.050159744815937955
3,20,16,5.89,0.02469817807045686
3,20,32,8.766,0.04214261501141106
3,20,64,7.998,0.047265209192385874
3,20,128,12.508,0.044204072210600534
3,20,256,12.675999999999998,0.05268775948927784
3,20,512,14.156,0.04985980344927161
3,20,1024,16.868000000000002,0.04872371086031972
3,20,2048,21.944,0.038157568056678116
3,20,4096,29.6,0.031144823004795066
3,20,8192,46.476000000000006,0.11621531740695776
3,20,16384,83.266,0.0765898165554671
3,20,32768,137.868,0.0351283361404989
3,20,65536,237.64000000000001,0.3763641853311785
3,20,131072,435.54799999999994,0.274579678781951
3,20,262144,828.2879999999999,0.8903617242446954
3,20,524288,1636.3319999999999,1.263362180849188
3,20,1048576,3171.408,1.5942440214722922
3,22,1,6.790000000000001,0.09628083921528721
3,22,2,6.948,0.09956907150315308
3,22,4,6.65,0.05648008498577172
3,22,8,6.3420000000000005,0.03152776554086881
3,22,16,6.202000000000001,0.017720045146669347
3,22,32,9.606,0.05741080037762924
3,22,64,8.532,0.040792156108742275
3,22,128,13.546000000000001,0.08704022058795588
3,22,256,13.648000000000001,0.09536246641105714
3,22,512,15.374,0.05182663407939983
3,22,1024,18.381999999999998,0.043520110293977655
3,22,2048,23.967999999999996,0.05323532661682462
3,22,4096,32.461999999999996,0.0645290632196065
3,22,8192,50.748000000000005,0.07088018058667739
3,22,16384,91.53999999999999,0.14017845768876022
3,22,32768,151.51399999999998,0.23029546239559215
3,22,65536,261.12,0.5311026266174924
3,22,131072,478.28599999999994,0.602159447322713
3,22,262144,927.4440000000001,3.5872365408486826
3,22,524288,1778.8919999999998,2.7768136415683187
3,22,1048576,3478.978,3.8087890464030845
3,24,1,7.096000000000001,0.0464327470649756
3,24,2,7.359999999999999,0.05059644256269397
3,24,4,7.037999999999999,0.02817800560721069
3,24,8,6.82,0.022135943621178707
3,24,16,6.752,0.011575836902790246
3,24,32,10.696,0.04273172123844276
3,24,64,9.394000000000002,0.020396078054371023
3,24,128,15.047999999999998,0.07754998388136516
3,24,256,15.291999999999998,0.08163332652783428
3,24,512,16.98,0.047853944456021424
3,24,1024,20.389999999999997,0.0756306816047558
3,24,2048,26.355999999999995,0.04955804677345516
3,24,4096,35.636,0.068308125431752
3,24,8192,55.662,0.05877074101966095
3,24,16384,99.924,0.13048371545905632
3,24,32768,164.79199999999997,0.1700411714850252
3,24,65536,284.264,0.5197941900406295
3,24,131072,518.7939999999999,0.4293553306994086
3,24,262144,1011.86,1.4225118628679183
3,24,524288,1933.784,1.717563972607701
3,24,1048576,3786.362,3.534347747463428
5,2,1,0.198,0.0020000000000000018
5,2,2,0.24,0.00547722557505166
5,2,4,0.21800000000000003,0.008
5,2,8,0.242,0.008602325267042629
5,2,16,0.22200000000000003,0.00969535971483266
5,2,32,0.288,0.00489897948556635
5,2,64,0.272,0.007999999999999997
5,2,128,0.334,0.0040000000000000036
5,2,256,0.344,0.002449489742783167
5,2,512,0.392,0.007348469228349533
5,2,1024,0.446,0.00244948974278318
5,2,2048,0.6,0.010488088481701525
5,2,4096,0.8780000000000001,0.009695359714832666
5,2,8192,1.4419999999999997,0.016552945357246864
5,2,16384,3.232,0.03261901286060011
5,2,32768,5.256,0.030430248109405804
5,2,65536,6.965999999999999,0.033406586176980065
5,2,131072,10.322000000000001,0.02745906043549203
5,2,262144,17.03,0.02121320343559673
5,2,524288,32.07600000000001,0.03458323293158151
5,2,1048576,68.072,0.45177870689088495
5,4,1,0.6,0.020736441353327723
5,4,2,0.6119999999999999,0.01907878402833893
5,4,4,0.612,0.020346989949375806
5,4,8,0.61,0.014832396974191338
5,4,16,0.596,0.01568438714135811
5,4,32,0.826,0.02111871208194287
5,4,64,0.8,0.02683281572999748
5,4,128,1.152,0.01280624847486568
5,4,256,1.188,0.01392838827718413
5,4,512,1.3459999999999999,0.016309506430300064
5,4,1024,1.6179999999999999,0.011575836902790194
5,4,2048,2.5379999999999994,0.005830951894845351
5,4,4096,3.38,0.05079370039680119
5,4,8192,5.372,0.04651881339845205
5,4,16384,9.52,0.16364595931461307
5,4,32768,15.479999999999999,0.1555956297586794
5,4,65536,22.972,0.36997837774659187
5,4,131072,38.608,0.5172852211304702
5,4,262144,69.492,0.8073252132814898
5,4,524288,128.0,1.8551280279269151
5,4,1048576,264.182,6.029526847108324
5,6,1,0.9,0.025495097567963927
5,6,2,0.9179999999999999,0.024372115213907884
5,6,4,0.9,0.016431676725154998
5,6,8,0.9,0.01923538406167135
5,6,16,0.9119999999999999,0.019849433241279198
5,6,32,1.1099999999999999,0.014491376746189395
5,6,64,1.088,0.013928388277184131
5,6,128,1.588,0.014628738838327805
5,6,256,1.6320000000000001,0.01462873883832776
5,6,512,1.8,0.008366600265340762
5,6,1024,2.1319999999999997,0.009695359714832626
5,6,2048,3.1979999999999995,0.007348469228349547
5,6,4096,4.1659999999999995,0.03931920650267494
5,6,8192,6.58,0.055407580708780255
5,6,16384,11.762,0.08089499366462664
5,6,32768,18.148,0.09227133899537848
5,6,65536,30.514,0.12492397688194147
5,6,131072,55.512,0.5197153066824183
5,6,262144,105.11399999999999,0.7088342542513019
5,6,524288,203.79000000000002,1.4064672054477478
5,6,1048576,380.678,2.144969463652106
5,8,1,1.018,0.014966629547095779
5,8,2,1.028,0.015620499351813324
5,8,4,1.0059999999999998,0.01029563014098701
5,8,8,0.998,0.011135528725660053
5,8,16,1.0059999999999998,0.013638181696985868
5,8,32,1.442,0.03541186241925155
5,8,64,1.376,0.02014944167960985
5,8,128,1.8940000000000001,0.008717797887081323
5,8,256,1.9140000000000001,0.016911534525287746
5,8,512,2.146,0.01913112646970898
5,8,1024,2.448,0.008602325267042665
5,8,2048,3.5739999999999994,0.02821347195933177
5,8,4096,5.014,0.05124451190127577
5,8,8192,7.57,0.0626099033699941
5,8,16384,13.612,0.09891410415102585
5,8,32768,21.518,0.09462557793746865
5,8,65536,36.314,0.5804704988197068
5,8,131072,65.624,0.5501145335291561
5,8,262144,125.202,0.9378294087945857
5,8,524288,240.612,1.1286071061268397
5,8,1048576,443.7099999999999,2.8867351800953283
5,10,1,1.298,0.014628738838327805
5,10,2,1.3039999999999998,0.015362291495737231
5,10,4,1.332,0.011575836902790236
5,10,8,1.296,0.018055470085267804
5,10,16,1.3060000000000003,0.013266499161421611
5,10,32,1.576,0.01777638883463116
5,10,64,1.578,0.017720045146669326
5,10,128,2.148,0.01714642819948231
5,10,256,2.1719999999999997,0.010198039027185577
5,10,512,2.404,0.009273618495495725
5,10,1024,2.868,0.014282856857085717
5,10,2048,4.032,0.06303967004989793
5,10,4096,5.4479999999999995,0.03569313659514944
5,10,8192,8.527999999999999,0.034842502780368795
5,10,16384,15.786000000000001,0.12217200988769872
5,10,32768,24.6,0.13841965178398608
5,10,65536,41.736000000000004,0.05500909015790132
5,10,131072,75.302,0.1636887289950049
5,10,262144,141.028,0.4855450545521008
5,10,524288,271.6259999999999,0.3265823020312031
5,10,1048576,507.296,2.003241373374665
5,12,1,1.276,0.030099833886584812
5,12,2,1.266,0.013266499161421611
5,12,4,1.284,0.016309506430300102
5,12,8,1.288,0.023958297101421857
5,12,16,1.266,0.02204540768504862
5,12,32,1.546,0.018055470085267804
5,12,64,1.5560000000000003,0.030757112998459384
5,12,128,2.1700000000000004,0.017320508075688763
5,12,256,2.2060000000000004,0.01805547008526778
5,12,512,2.4200000000000004,0.015165750888103069
5,12,1024,2.964,0.0074833147735478955
5,12,2048,4.2,0.04147288270665545
5,12,4096,5.62,0.04701063709417265
5,12,8192,8.866,0.040074929819027785
5,12,16384,16.78,0.10931605554537753
5,12,32768,26.616000000000003,0.07256721022610703
5,12,65536,45.646,0.2044651559557271
5,12,131072,82.936,0.2515869630962631
5,12,262144,154.37399999999997,0.8599569756679689
5,12,524288,297.046,1.9924798618806678
5,12,1048576,555.764,1.5055118730850252
5,14,1,1.312,0.06763135367564369
5,14,2,1.3279999999999998,0.06718630812896331
5,14,4,1.314,0.06592419889539805
5,14,8,1.302,0.05471745608121782
5,14,16,1.276,0.044113490000225554
5,14,32,1.6239999999999999,0.050950956811427986
5,14,64,1.592,0.035128336140500586
5,14,128,2.2619999999999996,0.03440930106817045
5,14,256,2.304,0.022045407685048646
5,14,512,2.4739999999999998,0.020396078054371113
5,14,1024,3.088,0.017146428199482235
5,14,2048,4.338,0.043520110293977905
5,14,4096,5.934,0.04995998398718714
5,14,8192,9.17,0.06877499545619764
5,14,16384,17.354,0.09826494797230578
5,14,32768,27.788,0.15216438479486596
5,14,65536,47.681999999999995,0.12803905654135447
5,14,131072,87.448,0.2169884789568338
5,14,262144,163.78,0.43491378455964985
5,14,524288,313.274,3.6979664682092475
5,14,1048576,587.386,5.411773831194347
5,16,1,1.4420000000000002,0.07282856582413247
5,16,2,1.474,0.06867313885355758
5,16,4,1.4460000000000002,0.06918092222571191
5,16,8,1.4180000000000001,0.06367102951892642
5,16,16,1.4,0.05805170109479996
5,16,32,1.8980000000000001,0.0711617874986288
5,16,64,1.8520000000000003,0.042355637169094726
5,16,128,2.476,0.03325657829663176
5,16,256,2.466,0.031080540535840057
5,16,512,2.71,0.02774887385102319
5,16,1024,3.148,0.027820855486487134
5,16,2048,4.41,0.010954451150103331
5,16,4096,6.008,0.016852299546352784
5,16,8192,9.39,0.030822070014844834
5,16,16384,18.276,0.06932532004974835
5,16,32768,29.712,0.04498888751680751
5,16,65536,51.12,0.16985287751462932
5,16,131072,92.848,0.6190105007186868
5,16,262144,173.436,0.9506082263477409
5,16,524288,333.17600000000004,2.492066612271824
5,16,1048576,619.03,3.245516907982452
5,18,1,1.818,0.060613529842766925
5,18,2,1.802,0.05553377350765925
5,18,4,1.7579999999999998,0.05944745579080741
5,18,8,1.734,0.056089214649520644
5,18,16,1.7,0.03987480407475376
5,18,32,2.096,0.04342810150121689
5,18,64,2.0520000000000005,0.032310988842807
5,18,128,2.714,0.006782329983125294
5,18,256,2.6900000000000004,0.011401754250991429
5,18,512,2.902,0.017146428199482214
5,18,1024,3.476,0.01122497216032178
5,18,2048,4.812,0.0342636833980236
5,18,4096,6.510000000000001,0.06016643582596537
5,18,8192,10.017999999999999,0.010198039027185352
5,18,16384,19.954,0.18029420401111082
5,18,32768,31.421999999999997,0.14769563297538607
5,18,65536,54.25600000000001,0.3598416318326716
5,18,131072,99.52799999999999,0.7625444249353609
5,18,262144,186.718,1.3796499556046833
5,18,524288,356.4440000000001,4.856093697613341
5,18,1048576,656.066,3.85054359798717
5,20,1,1.684,0.12290646850349254
5,20,2,1.6939999999999997,0.11509126813099245
5,20,4,1.684,0.11029959202100428
5,20,8,1.67,0.1065833007557938
5,20,16,1.6439999999999997,0.093305948363435
5,20,32,1.986,0.08570880934886449
5,20,64,2.0020000000000002,0.06583312236253114
5,20,128,2.7060000000000004,0.061530480251660635
5,20,256,2.7060000000000004,0.041904653679513876
5,20,512,2.914,0.03203123475609392
5,20,1024,3.4880000000000004,0.011575836902790194
5,20,2048,4.877999999999999,0.013928388277184204
5,20,4096,6.7299999999999995,0.018708286933869757
5,20,8192,10.258,0.11200000000000013
5,20,16384,20.43,0.18833480825381177
5,20,32768,33.104,0.18484047175875776
5,20,65536,57.06999999999999,0.2665145399410692
5,20,131072,103.15800000000002,0.3738636114948868
5,20,262144,193.268,0.6153730575837695
5,20,524288,373.692,1.8131116898856534
5,20,1048576,690.226,4.539894932704924
5,22,1,1.576,0.07201388754955534
5,22,2,1.556,0.07372923436466707
5,22,4,1.552,0.07844743462982076
5,22,8,1.5580000000000003,0.07844743462982076
5,22,16,1.5679999999999998,0.08351047838445183
5,22,32,1.8920000000000001,0.05739337940912697
5,22,64,1.9420000000000002,0.04066939881532546
5,22,128,2.6559999999999997,0.040199502484483576
5,22,256,2.6699999999999995,0.02863564212655266
5,22,512,2.898,0.020346989949375817
5,22,1024,3.5420000000000003,0.010198039027185591
5,22,2048,4.8919999999999995,0.050734603575863305
5,22,4096,6.846000000000001,0.04975942121849895
5,22,8192,10.563999999999998,0.04707440918375915
5,22,16384,21.508,0.13919051691835893
5,22,32768,34.474000000000004,0.08078366171448284
5,22,65536,59.414,0.2774995495491844
5,22,131072,107.578,0.5264161851615116
5,22,262144,200.71000000000004,0.8072669942466367
5,22,524288,386.87199999999996,1.4879663974700534
5,22,1048576,728.016,4.128988495987853
5,24,1,1.464,0.018867962264113223
5,24,2,1.512,0.047791212581394085
5,24,4,1.4519999999999997,0.020099751242241795
5,24,8,1.438,0.012409673645990868
5,24,16,1.4460000000000002,0.012083045973594582
5,24,32,1.798,0.006633249580710805
5,24,64,1.862,0.007999999999999967
5,24,128,2.6,0.013038404810405309
5,24,256,2.6159999999999997,0.0024494897427832347
5,24,512,2.8739999999999997,0.00599999999999996
5,24,1024,3.532,0.008602325267042613
5,24,2048,4.964,0.045453272709453964
5,24,4096,6.959999999999999,0.03146426544510449
5,24,8192,10.756,0.04273172123844273
5,24,16384,22.142000000000003,0.14756015722409588
5,24,32768,35.702000000000005,0.11581882403132931
5,24,65536,61.61,0.11108555261599037
5,24,131072,110.53800000000001,0.885558580783902
5,24,262144,205.61599999999999,0.8993586603797191
5,24,524288,396.09399999999994,2.8288135322074526
5,24,1048576,736.1539999999999,2.8404693274175643