
Node: THIN  -  CPUS: 24  -  Operation: reduce  -  Algorithm: 4
-----------------------------------------------------------------------

Iterations: 10000
Warmup: 200
# OSU MPI Reduce Latency Test v7.3
# Datatype: MPI_CHAR.
# Size       Avg Latency(us)   Min Latency(us)   Max Latency(us)  Iterations  P50 Tail Lat(us)  P95 Tail Lat(us)  P99 Tail Lat(us)
256                     1.11              0.21              3.48       10000              1.09              1.19              1.67
512                     1.15              0.19              3.80       10000              1.14              1.23              1.30
1024                    1.37              0.19              4.81       10000              1.36              1.45              1.53
2048                    1.88              0.26              6.27       10000              1.86              1.93              1.97
4096                    2.79              0.39              9.65       10000              2.77              2.84              3.04
8192                    4.38              0.64             15.46       10000              4.35              4.46              5.00
16384                   7.46              1.69             25.49       10000              7.40              7.52              8.79
32768                  12.80              3.41             41.97       10000             12.67             12.89             15.43
65536                  25.75              6.66             80.13       10000             25.56             26.56             30.87
131072                 83.89             12.72            338.45       10000             83.35             86.65             89.16
262144                292.04             54.06            729.76       10000            291.32            296.42            298.74
524288                617.82             91.57           1523.55       10000            616.34            631.02            633.79

Iterations: 10000
Warmup: 1000
# OSU MPI Reduce Latency Test v7.3
# Datatype: MPI_CHAR.
# Size       Avg Latency(us)   Min Latency(us)   Max Latency(us)  Iterations  P50 Tail Lat(us)  P95 Tail Lat(us)  P99 Tail Lat(us)
256                     1.15              0.20              3.73       10000              1.13              1.23              1.98
512                     1.15              0.19              3.76       10000              1.13              1.22              1.28
1024                    1.36              0.19              4.73       10000              1.35              1.44              1.51
2048                    1.88              0.26              6.25       10000              1.86              1.94              1.99
4096                    2.75              0.39              9.41       10000              2.74              2.81              2.89
8192                    4.33              0.72             14.90       10000              4.30              4.39              4.96
16384                   7.54              1.70             25.83       10000              7.36              7.51              8.76
32768                  12.75              3.49             41.19       10000             12.66             12.89             15.18
65536                  29.42              6.79             94.06       10000             29.21             30.40             34.61
131072                 83.87             13.21            339.30       10000             83.36             86.52             89.03
262144                291.10             52.21            726.44       10000            290.64            295.09            297.79
524288                615.42             90.13           1515.21       10000            614.01            626.93            629.64

Iterations: 50000
Warmup: 200