


--------------------------------------------
Algorithm: 0
--------------------------------------------


Procs: 2

Iter: 1
# OSU MPI Broadcast Latency Test v7.3
# Datatype: MPI_CHAR.
# Size       Avg Latency(us)   Min Latency(us)   Max Latency(us)  Iterations  P50 Tail Lat(us)  P95 Tail Lat(us)  P99 Tail Lat(us)
1                       0.15              0.10              0.20           1              0.15              0.15              0.15
2                       0.16              0.09              0.23           1              0.16              0.16              0.16
4                       0.15              0.10              0.21           1              0.15              0.15              0.15
8                       0.16              0.10              0.22           1              0.16              0.16              0.16
16                      0.15              0.09              0.21           1              0.15              0.15              0.15
32                      0.18              0.12              0.23           1              0.18              0.18              0.18
64                      0.16              0.10              0.22           1              0.16              0.16              0.16
128                     0.23              0.15              0.30           1              0.23              0.23              0.23
256                     0.23              0.15              0.30           1              0.23              0.23              0.23
512                     0.29              0.19              0.38           1              0.29              0.29              0.29
1024                    0.27              0.17              0.36           1              0.27              0.27              0.27
2048                    0.30              0.20              0.40           1              0.30              0.30              0.30
4096                    0.42              0.28              0.56           1              0.42              0.42              0.42
8192                    0.51              0.36              0.66           1              0.51              0.51              0.51
16384                   4.41              4.33              4.49           1              4.41              4.41              4.41
32768                   5.10              4.99              5.21           1              5.10              5.10              5.10
65536                   6.71              6.63              6.79           1              6.71              6.71              6.71
131072                 11.50             11.41             11.59           1             11.50             11.50             11.50
262144                 21.08             21.07             21.09           1             21.08             21.08             21.08
524288                 40.99             40.98             41.00           1             40.99             40.99             40.99
1048576                77.92             77.92             77.93           1             77.92             77.92             77.92

Iter: 10
# OSU MPI Broadcast Latency Test v7.3
# Datatype: MPI_CHAR.
# Size       Avg Latency(us)   Min Latency(us)   Max Latency(us)  Iterations  P50 Tail Lat(us)  P95 Tail Lat(us)  P99 Tail Lat(us)
1                       0.15              0.09              0.22          10              0.15              0.16              0.16
2                       0.16              0.09              0.23          10              0.16              0.19              0.19
4                       0.15              0.09              0.20          10              0.15              0.16              0.16
8                       0.15              0.09              0.21          10              0.15              0.17              0.17
16                      0.15              0.10              0.20          10              0.14              0.16              0.16
32                      0.16              0.10              0.22          10              0.16              0.19              0.19
64                      0.14              0.09              0.19          10              0.14              0.15              0.15
128                     0.21              0.15              0.27          10              0.21              0.22              0.22
256                     0.22              0.15              0.29          10              0.22              0.25              0.25
512                     0.24              0.16              0.32          10              0.24              0.26              0.26
1024                    0.25              0.15              0.35          10              0.25              0.28              0.28
2048                    0.29              0.19              0.40          10              0.29              0.32              0.32
4096                    0.39              0.26              0.51          10              0.39              0.40              0.40
8192                    0.51              0.36              0.66          10              0.51              0.57              0.57
16384                   4.43              4.34              4.52          10              4.42              4.48              4.48
32768                   5.29              5.15              5.42          10              5.23              5.89              5.89
65536                   6.78              6.71              6.85          10              6.69              7.52              7.52
131072                 10.99             10.90             11.09          10             11.03             11.32             11.32
262144                 20.91             20.90             20.93          10             20.99             21.30             21.30
524288                 40.56             40.54             40.58          10             40.33             42.18             42.18
1048576                79.47             79.44             79.49          10             78.65             83.51             83.51

Iter: 100
# OSU MPI Broadcast Latency Test v7.3
# Datatype: MPI_CHAR.
# Size       Avg Latency(us)   Min Latency(us)   Max Latency(us)  Iterations  P50 Tail Lat(us)  P95 Tail Lat(us)  P99 Tail Lat(us)
1                       0.16              0.10              0.22         100              0.16              0.17              0.18
2                       0.16              0.10              0.22         100              0.16              0.18              0.18
4                       0.16              0.09              0.22         100              0.15              0.18              0.18
8                       0.16              0.10              0.22         100              0.15              0.17              0.18
16                      0.16              0.10              0.22         100              0.16              0.18              0.18
32                      0.18              0.10              0.25         100              0.16              0.19              0.23
64                      0.16              0.10              0.22         100              0.16              0.18              0.18
128                     0.22              0.15              0.29         100              0.22              0.25              0.26
256                     0.22              0.15              0.29         100              0.22              0.25              0.26
512                     0.24              0.16              0.31         100              0.23              0.26              0.27
1024                    0.25              0.16              0.35         100              0.25              0.28              0.30
2048                    0.30              0.19              0.41         100              0.30              0.33              0.34
4096                    0.40              0.27              0.53         100              0.39              0.44              0.47
8192                    0.56              0.41              0.72         100              0.56              0.61              0.64
16384                   4.41              4.32              4.49         100              4.40              4.46              4.47
32768                   5.18              5.10              5.25         100              5.17              5.24              5.25
65536                   6.69              6.62              6.77         100              6.64              6.73              7.02
131072                  9.89              9.81              9.96         100              9.73             10.21             10.49
262144                 20.45             20.41             20.50         100             18.39             19.79             26.59
524288                 40.26             40.23             40.29         100             39.56             44.30             47.52
1048576                80.98             80.94             81.02         100             79.14             82.34             84.51

Iter: 1000
# OSU MPI Broadcast Latency Test v7.3
# Datatype: MPI_CHAR.
# Size       Avg Latency(us)   Min Latency(us)   Max Latency(us)  Iterations  P50 Tail Lat(us)  P95 Tail Lat(us)  P99 Tail Lat(us)
1                       0.15              0.09              0.21        1000              0.15              0.17              0.18
2                       0.15              0.10              0.20        1000              0.15              0.16              0.17
4                       0.16              0.10              0.22        1000              0.16              0.18              0.18
8                       0.14              0.09              0.20        1000              0.15              0.16              0.16
16                      0.16              0.09              0.22        1000              0.16              0.18              0.18
32                      0.16              0.10              0.22        1000              0.15              0.17              0.18
64                      0.16              0.10              0.22        1000              0.16              0.18              0.19
128                     0.21              0.15              0.28        1000              0.21              0.24              0.25
256                     0.22              0.15              0.29        1000              0.22              0.24              0.27
512                     0.22              0.15              0.30        1000              0.22              0.26              0.27
1024                    0.26              0.17              0.36        1000              0.26              0.29              0.30
2048                    0.30              0.19              0.41        1000              0.30              0.33              0.35
4096                    0.38              0.26              0.50        1000              0.38              0.42              0.43
8192                    0.55              0.39              0.71        1000              0.55              0.59              0.61
16384                   4.43              4.36              4.49        1000              4.41              4.47              4.60
32768                   5.19              5.12              5.25        1000              4.92              5.22              5.30
65536                   5.52              5.47              5.57        1000              5.48              5.64              6.14
131072                  9.06              9.06              9.06        1000              8.57              9.19             11.83
262144                 19.54             19.53             19.55        1000             19.42             20.25             23.30
524288                 39.76             39.72             39.81        1000             39.51             41.48             43.64
1048576                77.70             77.67             77.74        1000             77.05             80.11             82.19

Iter: 10000
# OSU MPI Broadcast Latency Test v7.3
# Datatype: MPI_CHAR.
# Size       Avg Latency(us)   Min Latency(us)   Max Latency(us)  Iterations  P50 Tail Lat(us)  P95 Tail Lat(us)  P99 Tail Lat(us)
1                       0.15              0.09              0.20       10000              0.15              0.16              0.18
2                       0.15              0.09              0.21       10000              0.15              0.16              0.18
4                       0.15              0.09              0.21       10000              0.15              0.16              0.18
8                       0.16              0.09              0.22       10000              0.15              0.17              0.18
16                      0.15              0.09              0.21       10000              0.15              0.16              0.18
32                      0.16              0.09              0.22       10000              0.16              0.18              0.19
64                      0.15              0.09              0.20       10000              0.15              0.16              0.17
128                     0.22              0.15              0.29       10000              0.22              0.24              0.25
256                     0.22              0.15              0.29       10000              0.22              0.24              0.26
512                     0.24              0.15              0.32       10000              0.24              0.28              0.29
1024                    0.25              0.15              0.35       10000              0.24              0.29              0.30
2048                    0.30              0.19              0.41       10000              0.30              0.33              0.35
4096                    0.38              0.26              0.51       10000              0.38              0.42              0.43
8192                    0.55              0.39              0.71       10000              0.55              0.59              0.61
16384                   3.91              3.84              3.99       10000              3.73              4.42              4.56
32768                   4.27              4.20              4.34       10000              4.22              4.41              4.60
65536                   5.63              5.56              5.70       10000              5.57              5.89              6.56
131072                  9.64              9.63              9.65       10000              9.50             10.00             12.22
262144                 19.84             19.77             19.92       10000             19.31             19.90             23.33
524288                 39.80             39.79             39.81       10000             39.50             41.01             43.35
1048576                78.76             78.74             78.77       10000             77.76             80.75             82.62

Iter: 100000
# OSU MPI Broadcast Latency Test v7.3
# Datatype: MPI_CHAR.
# Size       Avg Latency(us)   Min Latency(us)   Max Latency(us)  Iterations  P50 Tail Lat(us)  P95 Tail Lat(us)  P99 Tail Lat(us)
1                       0.16              0.10              0.22      100000              0.15              0.17              0.18
2                       0.16              0.10              0.22      100000              0.16              0.17              0.18
4                       0.16              0.10              0.21      100000              0.16              0.17              0.18
8                       0.15              0.10              0.21      100000              0.15              0.17              0.18
16                      0.16              0.09              0.22      100000              0.16              0.17              0.18
32                      0.15              0.10              0.21      100000              0.15              0.17              0.18
64                      0.15              0.10              0.21      100000              0.15              0.17              0.18
128                     0.21              0.15              0.28      100000              0.21              0.23              0.25
256                     0.22              0.15              0.29      100000              0.22              0.24              0.27
512                     0.25              0.16              0.34      100000              0.24              0.27              0.28
1024                    0.25              0.16              0.35      100000              0.25              0.29              0.30
2048                    0.30              0.19              0.41      100000              0.30              0.33              0.35
4096                    0.39              0.26              0.51      100000              0.38              0.42              0.43
8192                    0.56              0.40              0.71      100000              0.56              0.61              0.64
16384                   3.79              3.72              3.86      100000              3.70              4.14              4.39
32768                   4.29              4.23              4.36      100000              4.22              4.48              4.92
65536                   6.11              6.06              6.16      100000              6.06              6.45              7.13
131072                 10.82             10.82             10.82      100000             10.75             11.28             13.46
262144                 20.57             20.57             20.57      100000             20.45             21.33             23.62
524288                 41.36             41.34             41.37      100000             41.10             42.53             44.75
1048576                79.38             79.37             79.39      100000             78.72             81.59             83.45

Iter: 1000000
# OSU MPI Broadcast Latency Test v7.3
# Datatype: MPI_CHAR.
# Size       Avg Latency(us)   Min Latency(us)   Max Latency(us)  Iterations  P50 Tail Lat(us)  P95 Tail Lat(us)  P99 Tail Lat(us)
1                       0.15              0.09              0.20     1000000              0.15              0.16              0.17
2                       0.15              0.09              0.21     1000000              0.15              0.16              0.17
4                       0.14              0.09              0.20     1000000              0.14              0.16              0.16
8                       0.15              0.09              0.20     1000000              0.15              0.16              0.17
16                      0.15              0.09              0.20     1000000              0.15              0.16              0.17
32                      0.15              0.09              0.20     1000000              0.15              0.16              0.17
64                      0.15              0.09              0.20     1000000              0.15              0.16              0.17
128                     0.22              0.15              0.29     1000000              0.22              0.24              0.25
256                     0.22              0.15              0.29     1000000              0.22              0.24              0.26
512                     0.23              0.15              0.30     1000000              0.22              0.26              0.27
1024                    0.25              0.15              0.34     1000000              0.24              0.28              0.29
2048                    0.30              0.19              0.40     1000000              0.29              0.32              0.33
4096                    0.38              0.26              0.50     1000000              0.38              0.41              0.43
8192                    0.56              0.40              0.72     1000000              0.56              0.60              0.63
16384                   3.76              3.68              3.84     1000000              3.71              4.09              4.37
32768                   4.22              4.15              4.29     1000000              4.16              4.35              4.85
65536                   5.46              5.38              5.54     1000000              5.40              5.67              6.47
131072                  9.37              9.37              9.37     1000000              9.02              9.67             11.79
262144                 19.31             19.28             19.33     1000000             19.01             20.00             22.45
524288                 40.49             40.47             40.50     1000000             40.11             41.87             44.08
1048576                79.33             79.32             79.34     1000000             78.86             81.54             83.19


Procs: 4

Iter: 1
# OSU MPI Broadcast Latency Test v7.3
# Datatype: MPI_CHAR.
# Size       Avg Latency(us)   Min Latency(us)   Max Latency(us)  Iterations  P50 Tail Lat(us)  P95 Tail Lat(us)  P99 Tail Lat(us)
1                       0.40              0.38              0.46           1              0.40              0.40              0.40
2                       0.40              0.35              0.47           1              0.40              0.40              0.40
4                       0.40              0.36              0.46           1              0.40              0.40              0.40
8                       0.39              0.36              0.44           1              0.39              0.39              0.39
16                      0.47              0.36              0.69           1              0.47              0.47              0.47
32                      0.51              0.36              0.68           1              0.51              0.51              0.51
64                      0.40              0.36              0.45           1              0.40              0.40              0.40
128                     0.81              0.46              1.29           1              0.81              0.81              0.81
256                     0.67              0.50              0.79           1              0.67              0.67              0.67
512                     0.87              0.50              0.99           1              0.87              0.87              0.87
1024                    0.95              0.57              1.23           1              0.95              0.95              0.95
2048                    1.85              1.45              2.24           1              1.85              1.85              1.85
4096                    3.23              2.68              3.85           1              3.23              3.23              3.23
8192                    4.45              0.78              7.02           1              4.45              4.45              4.45
16384                   8.50              7.93              9.36           1              8.50              8.50              8.50
32768                  10.46              8.97             11.62           1             10.46             10.46             10.46
65536                  17.32             16.99             18.07           1             17.32             17.32             17.32
131072                 65.52             64.34             66.47           1             65.52             65.52             65.52
262144                 88.60             81.69             91.46           1             88.60             88.60             88.60
524288                187.99            186.06            189.97           1            187.99            187.99            187.99
1048576               409.27            233.93            489.82           1            409.27            409.27            409.27

Iter: 10
# OSU MPI Broadcast Latency Test v7.3
# Datatype: MPI_CHAR.
# Size       Avg Latency(us)   Min Latency(us)   Max Latency(us)  Iterations  P50 Tail Lat(us)  P95 Tail Lat(us)  P99 Tail Lat(us)
1                       0.36              0.18              0.48          10              0.34              0.43              0.43
2                       0.35              0.14              0.44          10              0.34              0.41              0.41
4                       0.36              0.15              0.46          10              0.34              0.43              0.43
8                       0.35              0.16              0.44          10              0.33              0.43              0.43
16                      0.34              0.14              0.44          10              0.34              0.37              0.37
32                      0.37              0.13              0.49          10              0.36              0.43              0.43
64                      0.38              0.23              0.48          10              0.37              0.44              0.44
128                     0.64              0.47              0.84          10              0.60              0.76              0.76
256                     0.66              0.56              0.81          10              0.63              0.86              0.86
512                     0.73              0.55              0.91          10              0.72              0.81              0.81
1024                    0.83              0.61              1.08          10              0.83              0.90              0.90
2048                    1.39              1.13              1.87          10              1.37              1.52              1.52
4096                    2.21              1.80              2.90          10              2.18              2.37              2.37
8192                    3.92              0.94              5.43          10              3.92              4.08              4.08
16384                  11.02             10.06             12.14          10             10.67             15.12             15.12
32768                  13.62             12.51             14.85          10             12.61             21.76             21.76
65536                  21.25             18.23             23.58          10             21.83             22.78             22.78
131072                 45.58             37.45             49.44          10             48.18             52.59             52.59
262144                123.03            116.49            126.31          10            100.61            291.32            291.32
524288                254.04            246.83            259.23          10            243.97            291.65            291.65
1048576               472.41            213.74            615.17          10            454.71            619.72            619.72

Iter: 100
# OSU MPI Broadcast Latency Test v7.3
# Datatype: MPI_CHAR.
# Size       Avg Latency(us)   Min Latency(us)   Max Latency(us)  Iterations  P50 Tail Lat(us)  P95 Tail Lat(us)  P99 Tail Lat(us)
1                       0.37              0.14              0.51         100              0.35              0.44              0.51
2                       0.37              0.16              0.48         100              0.35              0.48              0.49
4                       0.37              0.15              0.51         100              0.35              0.44              0.54
8                       0.38              0.17              0.49         100              0.35              0.48              0.49
16                      0.39              0.15              0.53         100              0.37              0.45              0.57
32                      0.40              0.21              0.47         100              0.35              0.83              0.91
64                      0.39              0.19              0.51         100              0.35              0.55              0.61
128                     0.74              0.55              0.90         100              0.74              0.92              0.98
256                     0.77              0.59              0.87         100              0.75              0.97              1.02
512                     0.94              0.72              1.05         100              0.91              1.17              1.22
1024                    1.05              0.73              1.26         100              1.06              1.23              1.34
2048                    1.67              1.12              2.08         100              1.64              1.93              2.07
4096                    3.01              2.28              3.56         100              2.98              3.28              3.56
8192                    4.69              0.81              7.39         100              4.66              4.98              5.14
16384                  10.07              9.10             11.03         100              8.10              8.98             11.29
32768                  10.64              9.96             11.55         100             10.34             12.41             13.92
65536                  17.57             17.14             18.50         100             17.81             21.07             25.31
131072                 33.81             32.58             35.87         100             37.20             53.87             56.73
262144                 92.57             89.98             96.88         100             90.67            119.24            126.38
524288                192.86            190.29            196.16         100            193.45            222.27            230.96
1048576               375.51            216.75            449.89         100            369.07            390.16            577.24

Iter: 1000
# OSU MPI Broadcast Latency Test v7.3
# Datatype: MPI_CHAR.
# Size       Avg Latency(us)   Min Latency(us)   Max Latency(us)  Iterations  P50 Tail Lat(us)  P95 Tail Lat(us)  P99 Tail Lat(us)
1                       0.37              0.14              0.49        1000              0.35              0.42              0.50
2                       0.37              0.15              0.49        1000              0.35              0.43              0.56
4                       0.37              0.15              0.49        1000              0.35              0.42              0.56
8                       0.37              0.17              0.48        1000              0.35              0.46              0.56
16                      0.38              0.16              0.51        1000              0.36              0.47              0.53
32                      0.38              0.18              0.52        1000              0.37              0.47              0.57
64                      0.37              0.15              0.49        1000              0.35              0.45              0.51
128                     0.72              0.48              0.83        1000              0.69              0.86              0.97
256                     0.77              0.58              0.86        1000              0.75              0.91              1.03
512                     0.92              0.63              1.10        1000              0.91              1.10              1.15
1024                    0.99              0.62              1.25        1000              0.95              1.20              1.26
2048                    1.69              1.15              2.14        1000              1.68              1.93              2.12
4096                    2.77              1.99              3.41        1000              2.62              3.06              3.25
8192                    4.30              0.80              6.75        1000              4.26              4.60              4.84
16384                   8.49              8.04              9.45        1000              7.90             11.09             12.73
32768                  11.16             10.77             12.10        1000             11.18             14.25             16.18
65536                  18.27             17.60             19.47        1000             18.63             24.29             26.71
131072                 35.73             34.91             37.76        1000             37.17             49.54             52.81
262144                 91.86             89.42             94.69        1000             94.23            114.66            118.29
524288                165.89            164.34            169.58        1000            170.88            221.43            231.79
1048576               379.33            218.06            454.76        1000            370.28            395.02            589.21

Iter: 10000
# OSU MPI Broadcast Latency Test v7.3
# Datatype: MPI_CHAR.
# Size       Avg Latency(us)   Min Latency(us)   Max Latency(us)  Iterations  P50 Tail Lat(us)  P95 Tail Lat(us)  P99 Tail Lat(us)
1                       0.37              0.16              0.48       10000              0.35              0.45              0.56
2                       0.37              0.15              0.49       10000              0.35              0.42              0.51
4                       0.38              0.16              0.49       10000              0.36              0.44              0.52
8                       0.37              0.14              0.50       10000              0.35              0.49              0.52
16                      0.37              0.16              0.48       10000              0.35              0.43              0.51
32                      0.38              0.17              0.49       10000              0.35              0.53              0.76
64                      0.39              0.21              0.51       10000              0.36              0.49              0.62
128                     0.74              0.52              0.91       10000              0.74              0.94              0.96
256                     0.74              0.53              0.84       10000              0.71              0.90              1.01
512                     0.98              0.70              1.20       10000              0.95              1.22              1.37
1024                    0.95              0.59              1.19       10000              0.92              1.15              1.24
2048                    1.57              1.05              1.97       10000              1.54              1.81              1.93
4096                    2.58              1.90              3.06       10000              2.57              2.89              3.04
8192                    4.07              0.90              6.25       10000              3.94              4.44              4.89
16384                   7.67              6.80              8.70       10000              7.32              9.02             11.14
32768                   9.91              8.95             10.92       10000              9.35             12.62             14.46
65536                  17.59             16.69             18.63       10000             17.11             22.44             25.26
131072                 34.98             34.30             36.81       10000             36.71             51.13             54.35
262144                 73.26             72.34             75.76       10000             75.19             94.95            102.72
524288                165.11            163.49            168.97       10000            174.45            225.63            236.45
1048576               378.08            215.69            454.46       10000            370.02            395.11            563.96

Iter: 100000
# OSU MPI Broadcast Latency Test v7.3
# Datatype: MPI_CHAR.
# Size       Avg Latency(us)   Min Latency(us)   Max Latency(us)  Iterations  P50 Tail Lat(us)  P95 Tail Lat(us)  P99 Tail Lat(us)
1                       0.37              0.17              0.47      100000              0.35              0.44              0.47
2                       0.38              0.15              0.48      100000              0.36              0.46              0.52
4                       0.37              0.16              0.48      100000              0.35              0.44              0.46
8                       0.37              0.15              0.49      100000              0.36              0.42              0.57
16                      0.37              0.16              0.48      100000              0.36              0.42              0.43
32                      0.38              0.17              0.51      100000              0.36              0.47              0.58
64                      0.39              0.21              0.51      100000              0.37              0.47              0.51
128                     0.76              0.54              0.92      100000              0.76              0.92              0.96
256                     0.71              0.49              0.85      100000              0.69              0.82              0.90
512                     0.85              0.53              1.10      100000              0.82              1.01              1.11
1024                    0.95              0.57              1.24      100000              0.92              1.13              1.22
2048                    1.58              1.05              1.99      100000              1.57              1.84              1.95
4096                    2.62              1.96              3.16      100000              2.61              2.83              2.99
8192                    4.12              0.82              6.45      100000              4.06              4.45              4.79
16384                   8.82              8.30              9.72      100000              8.35             11.88             12.82
32768                  10.89             10.12             11.86      100000             10.02             14.30             16.31
65536                  18.28             17.38             19.42      100000             18.07             23.78             26.45
131072                 36.81             36.00             38.47      100000             37.73             52.76             57.03
262144                 80.79             77.64             84.08      100000             81.35             94.83            105.23
524288                215.67            213.30            218.14      100000            218.87            239.43            249.62
1048576               376.99            213.59            453.42      100000            367.96            392.19            580.67

Iter: 1000000