
Algorithm: 0

Procs: 2

Test: 1
# OSU MPI Reduce Latency Test v7.3
# Datatype: MPI_CHAR.
# Size       Avg Latency(us)
1                       0.24
2                       0.66
4                       0.65
8                       0.28
16                      0.28
32                      0.30
64                      0.29
128                     0.37
256                     0.39
512                     0.43
1024                    0.51
2048                    0.69
4096                    1.03
8192                    1.63
16384                   4.30
32768                   5.19
65536                   9.20
131072                 16.69 
262144                 21.67
524288                 56.58
1048576               131.20

Test: 2
# OSU MPI Reduce Latency Test v7.3
# Datatype: MPI_CHAR.
# Size       Avg Latency(us)
1                       0.17
2                       0.49
4                       0.43
8                       0.20
16                      0.22
32                      0.20
64                      0.22
128                     0.27
256                     0.28
512                     0.32
1024                    0.36
2048                    0.50
4096                    0.76
8192                    1.23
16384                   3.23
32768                   4.13
65536                   7.36
131072                 13.84
262144                 22.11
524288                 51.45
1048576               122.63

Test: 3
# OSU MPI Reduce Latency Test v7.3
# Datatype: MPI_CHAR.
# Size       Avg Latency(us)
1                       0.17
2                       0.48
4                       0.46
8                       0.22
16                      0.19
32                      0.21
64                      0.19
128                     0.27
256                     0.29
512                     0.32
1024                    0.36
2048                    0.49
4096                    0.75
8192                    1.21
16384                   3.23
32768                   4.19
65536                   7.35
131072                 13.82
262144                 18.90
524288                 52.12
1048576               125.83

Test: 4
# OSU MPI Reduce Latency Test v7.3
# Datatype: MPI_CHAR.
# Size       Avg Latency(us)
1                       0.17
2                       0.47
4                       0.52
8                       0.23
16                      0.23
32                      0.21
64                      0.22
128                     0.31
256                     0.31
512                     0.35
1024                    0.37
2048                    0.49
4096                    0.75
8192                    1.22
16384                   3.25
32768                   4.06
65536                   7.32
131072                 13.78
262144                 18.33
524288                 50.68
1048576               124.36

Test: 5
# OSU MPI Reduce Latency Test v7.3
# Datatype: MPI_CHAR.
# Size       Avg Latency(us)
1                       0.18
2                       0.47
4                       0.43
8                       0.21
16                      0.23
32                      0.22
64                      0.22
128                     0.27
256                     0.29
512                     0.33
1024                    0.38
2048                    0.49
4096                    0.76
8192                    1.21
16384                   3.21
32768                   4.05
65536                   7.32
131072                 13.81
262144                 18.82
524288                 51.89
1048576               124.75

Procs: 4

Test: 1
# OSU MPI Reduce Latency Test v7.3
# Datatype: MPI_CHAR.
# Size       Avg Latency(us)
1                       0.85
2                       0.85
4                       0.87
8                       0.85
16                      0.83
32                      1.01
64                      0.96
128                     1.30
256                     1.34
512                     1.44
1024                    1.62
2048                    2.13
4096                    4.06
8192                    6.03
16384                  11.29
32768                  17.00
65536                  17.82  
131072                 54.60
262144                 64.77
524288                467.74
1048576               312.90

Test: 2
# OSU MPI Reduce Latency Test v7.3
# Datatype: MPI_CHAR.
# Size       Avg Latency(us)
1                       0.84
2                       0.85
4                       0.84
8                       0.84
16                      0.83
32                      0.97
64                      0.95
128                     1.31
256                     1.34
512                     1.44
1024                    1.64
2048                    2.15
4096                    3.98
8192                    5.99
16384                  11.18
32768                  17.03
65536                  17.83
131072                 54.44
262144                 63.17
524288                462.65
1048576               318.35

Test: 3
# OSU MPI Reduce Latency Test v7.3
# Datatype: MPI_CHAR.
# Size       Avg Latency(us)
1                       0.82
2                       0.85
4                       0.83
8                       0.83
16                      0.82
32                      0.96
64                      0.92
128                     1.30
256                     1.31
512                     1.43
1024                    1.60
2048                    2.14
4096                    4.02
8192                    6.04
16384                  10.99
32768                  17.02
65536                  17.72
131072                 54.59
262144                 64.45
524288                467.18
1048576               315.30

Test: 4
# OSU MPI Reduce Latency Test v7.3
# Datatype: MPI_CHAR.
# Size       Avg Latency(us)
1                       1.02
2                       1.01
4                       1.02
8                       0.99
16                      0.97
32                      1.12
64                      1.06
128                     1.48
256                     1.44
512                     1.55
1024                    1.71
2048                    2.26
4096                    4.28
8192                    6.23
16384                  11.47
32768                  17.19
65536                  17.74
131072                 37.58
262144                 62.74
524288                458.73
1048576               320.15

Test: 5
# OSU MPI Reduce Latency Test v7.3
# Datatype: MPI_CHAR.
# Size       Avg Latency(us)
1                       0.83
2                       0.85
4                       0.85
8                       0.86
16                      0.85
32                      0.99
64                      0.96
128                     1.36
256                     1.35
512                     1.47
1024                    1.62
2048                    2.18
4096                    4.00
8192                    6.01
16384                  11.32
32768                  17.08
65536                  17.69
131072                 54.44
262144                 63.64
524288                460.52
1048576               320.67

Procs: 8

Test: 1
# OSU MPI Reduce Latency Test v7.3
# Datatype: MPI_CHAR.
# Size       Avg Latency(us)
1                       0.93
2                       0.94
4                       0.90
8                       0.91
16                      0.89
32                      1.13
64                      1.04
128                     1.33
256                     1.41
512                     1.49
1024                    1.68
2048                    2.18
4096                    3.04
8192                    3.84
16384                   7.95
32768                  11.31
65536                  28.26
131072                 57.53
262144                212.38
524288                466.25
1048576               970.72

Test: 2
# OSU MPI Reduce Latency Test v7.3
# Datatype: MPI_CHAR.
# Size       Avg Latency(us)
1                       0.98
2                       0.97
4                       0.99
8                       0.97
16                      0.94
32                      1.17
64                      1.09
128                     1.38
256                     1.42
512                     1.52
1024                    1.71
2048                    2.23
4096                    3.05
8192                    3.84
16384                   8.52
32768                  11.30
65536                  28.14
131072                 57.69
262144                215.60
524288                469.10
1048576               976.33

Test: 3
# OSU MPI Reduce Latency Test v7.3
# Datatype: MPI_CHAR.
# Size       Avg Latency(us)
1                       0.88
2                       0.88
4                       0.87
8                       0.88
16                      0.86
32                      1.13
64                      1.00
128                     1.33
256                     1.38
512                     1.47
1024                    1.66
2048                    2.16
4096                    3.08
8192                    3.75
16384                   8.16
32768                  11.38
65536                  28.08
131072                 57.72
262144                217.45
524288                472.05
1048576               979.93

Test: 4
# OSU MPI Reduce Latency Test v7.3
# Datatype: MPI_CHAR.
# Size       Avg Latency(us)
1                       0.90
2                       0.91
4                       0.90
8                       0.92
16                      0.91
32                      1.12
64                      1.04
128                     1.33
256                     1.37
512                     1.48
1024                    1.67
2048                    2.16
4096                    3.02
8192                    3.80
16384                   8.69
32768                  11.32
65536                  28.19
131072                 57.36
262144                211.65
524288                465.69
1048576               976.22

Test: 5
# OSU MPI Reduce Latency Test v7.3
# Datatype: MPI_CHAR.
# Size       Avg Latency(us)
1                       0.89
2                       0.90
4                       0.90
8                       0.90
16                      0.91
32                      1.16
64                      1.02
128                     1.34
256                     1.38
512                     1.49
1024                    1.67
2048                    2.18
4096                    3.01
8192                    3.79
16384                   8.04
32768                  11.27
65536                  27.97
131072                 57.30
262144                214.42
524288                469.24
1048576               970.08

Procs: 10

Test: 1
# OSU MPI Reduce Latency Test v7.3
# Datatype: MPI_CHAR.
# Size       Avg Latency(us)
1                       0.92
2                       0.88
4                       0.90
8                       0.87
16                      0.88
32                      1.11
64                      1.03
128                     1.36
256                     1.41
512                     1.48
1024                    1.69
2048                    2.18
4096                    3.05
8192                    3.41
16384                   7.81
32768                  10.64
65536                  25.48
131072                 53.04
262144                220.18
524288                486.40
1048576              1019.15

Test: 2
# OSU MPI Reduce Latency Test v7.3
# Datatype: MPI_CHAR.
# Size       Avg Latency(us)
1                       0.92
2                       0.93
4                       0.91
8                       0.91
16                      0.89
32                      1.14
64                      1.04
128                     1.36
256                     1.38
512                     1.47
1024                    1.68
2048                    2.18
4096                    3.04
8192                    3.41
16384                   7.44
32768                  10.55
65536                  25.41
131072                 52.40
262144                215.81
524288                481.19
1048576              1014.67

Test: 3
# OSU MPI Reduce Latency Test v7.3
# Datatype: MPI_CHAR.
# Size       Avg Latency(us)
1                       0.86
2                       0.87
4                       0.86
8                       0.88
16                      0.84
32                      1.05
64                      0.97
128                     1.29
256                     1.34
512                     1.45
1024                    1.64
2048                    2.17
4096                    3.03
8192                    3.42
16384                   7.84
32768                  10.67
65536                  25.35
131072                 53.29
262144                218.15
524288                482.69
1048576              1007.92

Test: 4
# OSU MPI Reduce Latency Test v7.3
# Datatype: MPI_CHAR.
# Size       Avg Latency(us)
1                       0.84
2                       0.86
4                       0.86
8                       0.88
16                      0.85
32                      1.10
64                      0.99
128                     1.30
256                     1.36
512                     1.44
1024                    1.66
2048                    2.16
4096                    3.05
8192                    3.40
16384                   7.20
32768                  10.54
65536                  25.32
131072                 52.59
262144                217.40
524288                484.37
1048576              1010.93

Test: 5
# OSU MPI Reduce Latency Test v7.3
# Datatype: MPI_CHAR.
# Size       Avg Latency(us)
1                       0.91
2                       0.91
4                       0.89
8                       0.94
16                      0.88
32                      1.10
64                      1.00
128                     1.34
256                     1.35
512                     1.46
1024                    1.66
2048                    2.18
4096                    3.07
8192                    3.45
16384                   7.20
32768                  10.62
65536                  25.38
131072                 52.61
262144                215.79
524288                481.15
1048576              1007.31

Procs: 12

Test: 1
# OSU MPI Reduce Latency Test v7.3
# Datatype: MPI_CHAR.
# Size       Avg Latency(us)
1                       0.87
2                       0.87
4                       0.86
8                       0.85
16                      0.84
32                      1.03
64                      0.92
128                     1.22
256                     1.25
512                     1.34
1024                    1.56
2048                    2.05
4096                    2.90
8192                    3.80
16384                   8.09
32768                  12.09
65536                  29.81
131072                 60.25
262144                217.65
524288                472.55
1048576               986.48

Test: 2
# OSU MPI Reduce Latency Test v7.3
# Datatype: MPI_CHAR.
# Size       Avg Latency(us)
1                       0.80
2                       0.81
4                       0.80
8                       0.80
16                      0.79
32                      1.01
64                      0.89
128                     1.20
256                     1.22
512                     1.30
1024                    1.53
2048                    2.03
4096                    2.90
8192                    3.74
16384                   7.69
32768                  12.23
65536                  29.79
131072                 60.57
262144                215.05
524288                467.85
1048576              1004.19

Test: 3
# OSU MPI Reduce Latency Test v7.3
# Datatype: MPI_CHAR.
# Size       Avg Latency(us)
1                       0.76
2                       0.80
4                       0.78
8                       0.79
16                      0.78
32                      0.96
64                      0.86
128                     1.18
256                     1.23
512                     1.32
1024                    1.54
2048                    2.05
4096                    2.92
8192                    3.77
16384                   7.72
32768                  12.19
65536                  30.03
131072                 60.43
262144                216.82
524288                481.05
1048576              1018.15

Test: 4
# OSU MPI Reduce Latency Test v7.3
# Datatype: MPI_CHAR.
# Size       Avg Latency(us)
1                       0.83
2                       0.84
4                       0.83
8                       0.82
16                      0.82
32                      0.99
64                      0.93
128                     1.22
256                     1.24
512                     1.31
1024                    1.54
2048                    2.02
4096                    2.91
8192                    3.76
16384                   7.68
32768                  12.16
65536                  29.80
131072                 60.16
262144                218.59
524288                483.87
1048576              1013.71

Test: 5
# OSU MPI Reduce Latency Test v7.3
# Datatype: MPI_CHAR.
# Size       Avg Latency(us)
1                       0.83
2                       0.82
4                       0.83
8                       0.81
16                      0.80
32                      0.99
64                      0.88
128                     1.21
256                     1.24
512                     1.32
1024                    1.54
2048                    2.05
4096                    2.91
8192                    3.79
16384                   7.74
32768                  12.32
65536                  30.06
131072                 60.72
262144                217.92
524288                482.13
1048576              1012.90

Procs: 14

Test: 1
# OSU MPI Reduce Latency Test v7.3
# Datatype: MPI_CHAR.
# Size       Avg Latency(us)   
1                       0.68              
2                       0.66              
4                       0.67              
8                       0.67              
16                      0.68              
32                      0.82              
64                      0.76              
128                     1.06              
256                     1.05              
512                     1.14              
1024                    1.36              
2048                    1.81              
4096                    2.60              
8192                    3.52              
16384                   8.09              
32768                  11.56              
65536                  28.10              
131072                 65.39             
262144                212.40            
524288                472.24            
1048576              1024.48            

Test: 2
# OSU MPI Reduce Latency Test v7.3
# Datatype: MPI_CHAR.
# Size       Avg Latency(us)   
1                       0.68              
2                       0.68              
4                       0.68              
8                       0.69              
16                      0.67              
32                      0.82              
64                      0.76              
128                     1.04              
256                     1.06              
512                     1.14              
1024                    1.35              
2048                    1.81              
4096                    2.60              
8192                    3.69              
16384                   7.81              
32768                  11.54              
65536                  28.14              
131072                 64.31             
262144                211.89            
524288                479.06            
1048576              1042.63            

Test: 3
# OSU MPI Reduce Latency Test v7.3
# Datatype: MPI_CHAR.
# Size       Avg Latency(us)   
1                       0.70              
2                       0.69              
4                       0.70              
8                       0.75              
16                      0.70              
32                      0.86              
64                      0.79              
128                     1.07              
256                     1.08              
512                     1.16              
1024                    1.35              
2048                    1.81              
4096                    2.60              
8192                    3.53              
16384                   7.91              
32768                  11.48              
65536                  28.08              
131072                 64.54             
262144                210.63            
524288                476.27            
1048576              1039.43            

Test: 4
# OSU MPI Reduce Latency Test v7.3
# Datatype: MPI_CHAR.
# Size       Avg Latency(us)   
1                       0.78              
2                       0.79              
4                       0.77              
8                       0.77              
16                      0.76              
32                      0.91              
64                      0.81              
128                     1.09              
256                     1.09              
512                     1.18              
1024                    1.37              
2048                    1.82              
4096                    2.61              
8192                    3.54              
16384                   7.95              
32768                  11.46              
65536                  27.99              
131072                 65.49             
262144                212.38            
524288                476.31            
1048576              1033.04            

Test: 5
# OSU MPI Reduce Latency Test v7.3
# Datatype: MPI_CHAR.
# Size       Avg Latency(us)   
1                       0.75              
2                       0.77              
4                       0.73              
8                       0.74              
16                      0.73              
32                      0.90              
64                      0.83              
128                     1.12              
256                     1.11              
512                     1.20              
1024                    1.38              
2048                    1.84              
4096                    2.62              
8192                    3.52              
16384                   7.84              
32768                  11.67              
65536                  28.21              
131072                 65.10             
262144                214.47            
524288                478.60            
1048576              1036.12            

Procs: 16

Test: 1
# OSU MPI Reduce Latency Test v7.3
# Datatype: MPI_CHAR.
# Size       Avg Latency(us)
1                       0.75
2                       0.75
4                       0.75
8                       0.74
16                      0.74
32                      0.92
64                      0.85
128                     1.13
256                     1.12
512                     1.22
1024                    1.42
2048                    1.95
4096                    2.76
8192                    4.14
16384                   7.48
32768                  12.29
65536                  31.20
131072                 69.11
262144                223.94
524288                493.34
1048576              1068.32

Test: 2
# OSU MPI Reduce Latency Test v7.3
# Datatype: MPI_CHAR.
# Size       Avg Latency(us)
1                       0.84
2                       0.83
4                       0.81
8                       0.82
16                      0.81
32                      0.95
64                      0.92
128                     1.15
256                     1.15
512                     1.24
1024                    1.42
2048                    1.98
4096                    2.78
8192                    4.15
16384                   7.54
32768                  12.34
65536                  31.27
131072                 69.32
262144                224.09
524288                495.74
1048576              1069.46

Test: 3
# OSU MPI Reduce Latency Test v7.3
# Datatype: MPI_CHAR.
# Size       Avg Latency(us)
1                       0.79
2                       0.78
4                       0.80
8                       0.80
16                      0.79
32                      0.96
64                      0.90
128                     1.17
256                     1.16
512                     1.24
1024                    1.43
2048                    1.97
4096                    2.77
8192                    4.14
16384                   7.58
32768                  12.24
65536                  31.32
131072                 69.83
262144                223.82
524288                494.65
1048576              1066.62

Test: 4
# OSU MPI Reduce Latency Test v7.3
# Datatype: MPI_CHAR.
# Size       Avg Latency(us)
1                       0.81
2                       0.82
4                       0.81
8                       0.81
16                      0.81
32                      0.98
64                      0.90
128                     1.16
256                     1.14
512                     1.24
1024                    1.43
2048                    1.97
4096                    2.76
8192                    4.12
16384                   7.41
32768                  12.17
65536                  31.12
131072                 68.41
262144                224.17
524288                494.88
1048576              1065.52

Test: 5
# OSU MPI Reduce Latency Test v7.3
# Datatype: MPI_CHAR.
# Size       Avg Latency(us)
1                       0.77
2                       0.77
4                       0.77
8                       0.77
16                      0.76
32                      0.95
64                      0.89
128                     1.14
256                     1.13
512                     1.24
1024                    1.42
2048                    1.96
4096                    2.76
8192                    4.14
16384                   7.44
32768                  12.25
65536                  31.07
131072                 68.72
262144                225.46
524288                494.50
1048576              1068.13

Procs: 18 

Test: 1
# OSU MPI Reduce Latency Test v7.3
# Datatype: MPI_CHAR.
# Size       Avg Latency(us)
1                       0.97
2                       0.97
4                       0.96
8                       0.94
16                      0.91
32                      1.08
64                      0.99
128                     1.26
256                     1.23
512                     1.39
1024                    1.49
2048                    2.03
4096                    2.57
8192                    3.88
16384                   7.15
32768                  11.82
65536                  29.23
131072                 64.47
262144                234.44
524288                515.01
1048576              1118.64

Test: 2
# OSU MPI Reduce Latency Test v7.3
# Datatype: MPI_CHAR.
# Size       Avg Latency(us)
1                       1.08
2                       1.10
4                       1.05
8                       1.02
16                      0.97
32                      1.11
64                      1.01
128                     1.28
256                     1.27
512                     1.34
1024                    1.53
2048                    2.05
4096                    2.56
8192                    3.86
16384                   6.99
32768                  11.83
65536                  29.28
131072                 64.37
262144                232.36
524288                515.01
1048576              1125.30

Test: 3
# OSU MPI Reduce Latency Test v7.3
# Datatype: MPI_CHAR.
# Size       Avg Latency(us)
1                       0.81
2                       0.83
4                       0.82
8                       0.83
16                      0.80
32                      1.01
64                      0.97
128                     1.21
256                     1.22
512                     1.30
1024                    1.49
2048                    2.03
4096                    2.59
8192                    3.89
16384                   7.14
32768                  11.71
65536                  29.18
131072                 64.18
262144                232.38
524288                515.61
1048576              1119.19

Test: 4
# OSU MPI Reduce Latency Test v7.3
# Datatype: MPI_CHAR.
# Size       Avg Latency(us)
1                       0.85
2                       0.88
4                       0.87
8                       0.86
16                      0.84
32                      1.03
64                      0.98
128                     1.23
256                     1.23
512                     1.32
1024                    1.50
2048                    2.01
4096                    2.57
8192                    3.88
16384                   7.11
32768                  11.84
65536                  29.40
131072                 64.18
262144                230.87
524288                514.33
1048576              1113.95

Test: 5
# OSU MPI Reduce Latency Test v7.3
# Datatype: MPI_CHAR.
# Size       Avg Latency(us)
1                       0.87
2                       0.88
4                       0.84
8                       0.84
16                      0.83
32                      1.02
64                      0.93
128                     1.22
256                     1.21
512                     1.31
1024                    1.48
2048                    2.02
4096                    2.61
8192                    3.90
16384                   7.06
32768                  11.67
65536                  29.29
131072                 64.76
262144                232.16
524288                514.54
1048576              1123.24

Procs: 20

Test: 1
# OSU MPI Reduce Latency Test v7.3
# Datatype: MPI_CHAR.
# Size       Avg Latency(us)
1                       0.97
2                       0.95
4                       0.95
8                       0.93
16                      0.91
32                      1.10
64                      0.98
128                     1.26
256                     1.25
512                     1.32
1024                    1.52
2048                    2.07
4096                    2.70
8192                    4.10
16384                   7.44
32768                  12.55
65536                  31.62
131072                 68.06
262144                227.98
524288                507.61
1048576              1110.92

Test: 2
# OSU MPI Reduce Latency Test v7.3
# Datatype: MPI_CHAR.
# Size       Avg Latency(us)
1                       0.87
2                       0.90
4                       0.88
8                       0.89
16                      0.88
32                      1.06
64                      1.02
128                     1.26
256                     1.27
512                     1.35
1024                    1.55
2048                    2.09
4096                    2.69
8192                    4.11
16384                   7.57
32768                  12.56
65536                  31.69
131072                 68.04
262144                232.96
524288                512.27
1048576              1122.05

Test: 3
# OSU MPI Reduce Latency Test v7.3
# Datatype: MPI_CHAR.
# Size       Avg Latency(us)
1                       0.90
2                       0.91
4                       0.90
8                       0.90
16                      0.86
32                      1.06
64                      0.97
128                     1.24
256                     1.26
512                     1.32
1024                    1.54
2048                    2.10
4096                    2.70
8192                    4.11
16384                   7.46
32768                  12.54
65536                  31.84
131072                 68.79
262144                231.94
524288                512.47
1048576              1116.83

Test: 4
# OSU MPI Reduce Latency Test v7.3
# Datatype: MPI_CHAR.
# Size       Avg Latency(us)
1                       0.93
2                       0.91
4                       0.92
8                       0.91
16                      0.90
32                      1.07
64                      0.97
128                     1.25
256                     1.24
512                     1.33
1024                    1.56
2048                    2.09
4096                    2.66
8192                    4.07
16384                   7.44
32768                  12.58
65536                  31.61
131072                 67.93
262144                234.78
524288                514.98
1048576              1127.03

Test: 5
# OSU MPI Reduce Latency Test v7.3
# Datatype: MPI_CHAR.
# Size       Avg Latency(us)
1                       0.91
2                       0.91
4                       0.90
8                       0.91
16                      0.88
32                      1.03
64                      0.97
128                     1.25
256                     1.24
512                     1.36
1024                    1.55
2048                    2.09
4096                    2.67
8192                    4.10
16384                   7.55
32768                  12.55
65536                  31.75
131072                 68.14
262144                230.66
524288                510.76
1048576              1119.79

Procs: 22

Test: 1
# OSU MPI Reduce Latency Test v7.3
# Datatype: MPI_CHAR.
# Size       Avg Latency(us)
1                       0.92
2                       0.89
4                       0.87
8                       0.85
16                      0.83
32                      1.00
64                      0.93
128                     1.18
256                     1.19
512                     1.30
1024                    1.51
2048                    2.03
4096                    2.59
8192                    3.99
16384                   7.46
32768                  12.07
65536                  30.58
131072                 67.49
262144                225.19
524288                516.26
1048576              1169.03

Test: 2
# OSU MPI Reduce Latency Test v7.3
# Datatype: MPI_CHAR.
# Size       Avg Latency(us)
1                       0.86
2                       0.89
4                       0.87
8                       0.88
16                      0.87
32                      1.05
64                      1.01
128                     1.25
256                     1.26
512                     1.34
1024                    1.55
2048                    2.08
4096                    2.70
8192                    4.11
16384                   7.57
32768                  12.56
65536                  31.74
131072                 68.09
262144                233.17
524288                512.48
1048576              1123.97

Test: 3
# OSU MPI Reduce Latency Test v7.3
# Datatype: MPI_CHAR.
# Size       Avg Latency(us)
1                       0.89
2                       0.90
4                       0.90
8                       0.89
16                      0.85
32                      1.06
64                      0.96
128                     1.23
256                     1.26
512                     1.31
1024                    1.53
2048                    2.10
4096                    2.69
8192                    4.12
16384                   7.47
32768                  12.53
65536                  31.86
131072                 68.75
262144                231.61
524288                512.38
1048576              1115.90

Test: 4
# OSU MPI Reduce Latency Test v7.3
# Datatype: MPI_CHAR.
# Size       Avg Latency(us)
1                       0.91
2                       0.90
4                       0.91
8                       0.90
16                      0.89
32                      1.06
64                      0.97
128                     1.25
256                     1.24
512                     1.32
1024                    1.54
2048                    2.08
4096                    2.66
8192                    4.07
16384                   7.43
32768                  12.59
65536                  31.67
131072                 67.98
262144                234.62
524288                514.52
1048576              1127.32

Test: 5
# OSU MPI Reduce Latency Test v7.3
# Datatype: MPI_CHAR.
# Size       Avg Latency(us)
1                       0.90
2                       0.90
4                       0.89
8                       0.90
16                      0.87
32                      1.03
64                      0.96
128                     1.25
256                     1.24
512                     1.35
1024                    1.54
2048                    2.09
4096                    2.67
8192                    4.09
16384                   7.54
32768                  12.53
65536                  31.73
131072                 68.10
262144                230.50
524288                510.89
1048576              1119.82

Procs: 24

Test: 1
# OSU MPI Reduce Latency Test v7.3
# Datatype: MPI_CHAR.
# Size       Avg Latency(us)
1                       0.92
2                       0.94
4                       0.93
8                       0.91
16                      0.89
32                      1.07
64                      0.98
128                     1.26
256                     1.25
512                     1.32
1024                    1.53
2048                    2.06
4096                    2.71
8192                    4.13
16384                   7.46
32768                  12.59
65536                  31.79
131072                 68.28
262144                228.17
524288                510.43
1048576              1114.50

Test: 2
# OSU MPI Reduce Latency Test v7.3
# Datatype: MPI_CHAR.
# Size       Avg Latency(us)
1                       0.86
2                       0.89
4                       0.87
8                       0.88
16                      0.87
32                      1.05
64                      1.01
128                     1.25
256                     1.26
512                     1.34
1024                    1.55
2048                    2.08
4096                    2.70
8192                    4.11
16384                   7.57
32768                  12.56
65536                  31.74
131072                 68.09
262144                233.17
524288                512.48
1048576              1133.77

Test: 3
# OSU MPI Reduce Latency Test v7.3
# Datatype: MPI_CHAR.
# Size       Avg Latency(us)
1                       0.89
2                       0.90
4                       0.90
8                       0.89
16                      0.85
32                      1.06
64                      0.96
128                     1.23
256                     1.26
512                     1.31
1024                    1.53
2048                    2.10
4096                    2.69
8192                    4.12
16384                   7.47
32768                  12.53
65536                  31.86
131072                 68.75
262144                231.61
524288                512.38
1048576              1115.90

Test: 4
# OSU MPI Reduce Latency Test v7.3
# Datatype: MPI_CHAR.
# Size       Avg Latency(us)
1                       0.91
2                       0.90
4                       0.91
8                       0.90
16                      0.89
32                      1.06
64                      0.97
128                     1.25
256                     1.24
512                     1.32
1024                    1.54
2048                    2.08
4096                    2.66
8192                    4.07
16384                   7.43
32768                  12.59
65536                  31.67
131072                 67.98
262144                234.62
524288                514.52
1048576              1127.32

Test: 5
# OSU MPI Reduce Latency Test v7.3
# Datatype: MPI_CHAR.
# Size       Avg Latency(us)
1                       0.90
2                       0.90
4                       0.89
8                       0.90
16                      0.87
32                      1.03
64                      0.96
128                     1.25
256                     1.24
512                     1.35
1024                    1.54
2048                    2.09
4096                    2.67
8192                    4.09
16384                   7.54
32768                  12.53
65536                  31.73
131072                 68.10
262144                230.50
524288                510.89
1048576              1119.82

Procs: 48

Test: 1
Iterations: 10000
Warmup: 200
# OSU MPI Reduce Latency Test v7.3
# Datatype: MPI_CHAR.
# Size       Avg Latency(us)   Min Latency(us)   Max Latency(us)  Iterations  P50 Tail Lat(us)  P95 Tail Lat(us)  P99 Tail Lat(us)
256                     1.11              0.22              3.56       10000              1.09              1.19              1.69
512                     1.13              0.19              3.76       10000              1.12              1.21              1.28
1024                    1.36              0.21              4.78       10000              1.34              1.41              1.49
2048                    1.87              0.25              6.19       10000              1.85              1.91              1.97
4096                    3.87              0.91              9.80       10000              3.85              4.07              4.48
8192                    6.49              1.62             16.52       10000              6.46              6.68              7.76
16384                  12.16              4.14             28.18       10000             11.94             12.39             14.42
32768                  22.71             10.15             47.05       10000             22.51             23.40             26.08
65536                  45.74             21.49            112.22       10000             45.49             47.98             51.10
131072                115.38             40.20            321.84       10000            115.13            118.05            119.99
262144                213.40             42.23            493.83       10000            212.47            218.95            224.23
524288                530.03            116.36           1212.85       10000            529.45            537.06            541.08

Test: 2
# OSU MPI Reduce Latency Test v7.3
# Datatype: MPI_CHAR.
# Size       Avg Latency(us)   Min Latency(us)   Max Latency(us)  Iterations  P50 Tail Lat(us)  P95 Tail Lat(us)  P99 Tail Lat(us)
256                     1.10              0.19              3.58       10000              1.08              1.16              1.50
512                     1.15              0.19              3.74       10000              1.13              1.21              1.27
1024                    1.36              0.21              4.78       10000              1.34              1.42              1.49
2048                    1.87              0.25              6.18       10000              1.85              1.92              1.96
4096                    3.95              0.90              9.92       10000              3.93              4.14              4.46
8192                    6.57              1.65             16.62       10000              6.53              6.80              8.03
16384                  12.43              4.22             28.76       10000             12.19             12.64             14.52
32768                  23.23              9.89             47.28       10000             23.10             23.96             26.63
65536                  46.59             22.10            109.24       10000             46.36             49.16             50.65
131072                114.96             41.18            322.76       10000            114.70            117.60            119.24
262144                212.80             40.64            500.73       10000            211.96            217.29            220.12
524288                537.27            115.18           1233.37       10000            536.59            544.12            547.99

Test: 3
# OSU MPI Reduce Latency Test v7.3
# Datatype: MPI_CHAR.
# Size       Avg Latency(us)   Min Latency(us)   Max Latency(us)  Iterations  P50 Tail Lat(us)  P95 Tail Lat(us)  P99 Tail Lat(us)
256                     1.06              0.20              3.40       50000              1.04              1.12              1.18
512                     1.14              0.19              3.82       50000              1.13              1.20              1.25
1024                    1.38              0.20              4.89       50000              1.34              1.41              1.48
2048                    1.87              0.26              6.26       50000              1.86              1.91              1.95
4096                    4.05              1.28              9.66       50000              4.03              4.22              4.43
8192                    6.80              1.75             16.33       50000              6.78              7.00              8.19
16384                  12.42              4.26             27.66       50000             12.35             12.75             14.76
32768                  23.32             10.08             47.27       50000             23.22             23.96             26.60
65536                  44.44             21.94             84.01       50000             44.29             46.17             47.71
131072                 85.30             45.70            162.24       50000             85.14             87.56             88.70
262144                201.04             28.82            528.98       50000            200.36            205.33            208.33
524288                541.67            110.93           1260.54       50000            541.12            548.74            552.45

Test: 4
# OSU MPI Reduce Latency Test v7.3
# Datatype: MPI_CHAR.
# Size       Avg Latency(us)   Min Latency(us)   Max Latency(us)  Iterations  P50 Tail Lat(us)  P95 Tail Lat(us)  P99 Tail Lat(us)
256                     1.04              0.18              3.36       50000              1.03              1.11              1.16
512                     1.13              0.19              3.82       50000              1.12              1.18              1.25
1024                    1.36              0.20              4.80       50000              1.32              1.39              1.46
2048                    1.86              0.25              6.25       50000              1.85              1.90              1.95
4096                    4.03              1.26              9.61       50000              4.02              4.19              4.40
8192                    6.79              2.01             16.27       50000              6.76              7.01              8.68
16384                  12.36              4.31             27.61       50000             12.29             12.68             14.66
32768                  23.13              9.71             47.13       50000             23.05             23.69             26.52
65536                  44.26             21.83             84.23       50000             44.10             45.91             47.60
131072                 84.80             45.23            157.16       50000             84.60             87.17             88.27
262144                200.22             27.40            534.46       50000            199.63            204.34            206.46
524288                527.29            108.82           1209.92       50000            526.77            533.73            537.55