
Operation: bcast
Node: thin

--------------------------------------------
Test: 1

Algorithm: 3
Procs: 2
Iterations: 10000
Warmup: 1000
--------------------------------------------

Mapping: core
# OSU MPI Broadcast Latency Test v7.3
# Datatype: MPI_CHAR.
# Size       Avg Latency(us)   Min Latency(us)   Max Latency(us)  Iterations
1                       0.33              0.25              0.40       10000
2                       0.26              0.19              0.33       10000
4                       0.26              0.18              0.34       10000
8                       0.29              0.19              0.40       10000
16                      0.26              0.19              0.34       10000
32                      0.27              0.19              0.35       10000
64                      0.28              0.13              0.44       10000
128                     0.33              0.14              0.52       10000
256                     0.32              0.16              0.47       10000
512                     0.43              0.37              0.50       10000
1024                    0.54              0.50              0.57       10000
2048                    0.63              0.61              0.66       10000
4096                    2.04              2.00              2.08       10000
8192                    2.46              2.39              2.54       10000
16384                   3.39              3.35              3.43       10000
32768                   5.11              5.04              5.18       10000
65536                   8.61              8.57              8.65       10000
131072                 16.53             16.49             16.57       10000
262144                 48.20             48.17             48.22       10000
524288                 97.11             97.07             97.15       10000
1048576               270.42            270.34            270.49       10000

Mapping: L3cache
# OSU MPI Broadcast Latency Test v7.3
# Datatype: MPI_CHAR.
# Size       Avg Latency(us)   Min Latency(us)   Max Latency(us)  Iterations
1                       0.45              0.27              0.64       10000
2                       0.41              0.19              0.63       10000
4                       0.43              0.20              0.67       10000
8                       0.39              0.20              0.58       10000
16                      0.41              0.20              0.62       10000
32                      0.44              0.24              0.64       10000
64                      0.47              0.29              0.65       10000
128                     0.57              0.32              0.82       10000
256                     0.54              0.33              0.74       10000
512                     0.79              0.66              0.92       10000
1024                    0.90              0.80              1.01       10000
2048                    1.15              1.02              1.28       10000
4096                    3.53              3.44              3.61       10000
8192                    4.32              4.22              4.42       10000
16384                   6.77              6.28              7.26       10000
32768                   8.99              8.89              9.09       10000
65536                  16.23             16.18             16.29       10000
131072                 30.75             30.68             30.82       10000
262144                 65.09             64.92             65.26       10000
524288                128.12            127.82            128.41       10000
1048576               255.71            255.60            255.81       10000

Mapping: numa
# OSU MPI Broadcast Latency Test v7.3
# Datatype: MPI_CHAR.
# Size       Avg Latency(us)   Min Latency(us)   Max Latency(us)  Iterations
1                       0.43              0.19              0.66       10000
2                       0.42              0.20              0.65       10000
4                       0.46              0.26              0.65       10000
8                       0.40              0.19              0.60       10000
16                      0.41              0.19              0.63       10000
32                      0.51              0.29              0.73       10000
64                      0.46              0.25              0.66       10000
128                     0.53              0.25              0.81       10000
256                     0.56              0.33              0.79       10000
512                     0.86              0.75              0.97       10000
1024                    0.95              0.80              1.10       10000
2048                    1.05              0.94              1.15       10000
4096                    3.55              3.47              3.64       10000
8192                    4.28              4.25              4.31       10000
16384                   5.88              5.79              5.97       10000
32768                   8.63              8.48              8.78       10000
65536                  16.39             16.38             16.40       10000
131072                 35.79             35.72             35.86       10000
262144                 65.40             65.37             65.42       10000
524288                126.73            126.52            126.94       10000
1048576               229.82            229.71            229.93       10000

Mapping: socket
# OSU MPI Broadcast Latency Test v7.3
# Datatype: MPI_CHAR.
# Size       Avg Latency(us)   Min Latency(us)   Max Latency(us)  Iterations
1                       0.33              0.17              0.50       10000
2                       0.29              0.14              0.43       10000
4                       0.32              0.14              0.50       10000
8                       0.33              0.15              0.51       10000
16                      0.30              0.12              0.48       10000
32                      0.28              0.14              0.42       10000
64                      0.25              0.13              0.36       10000
128                     0.30              0.14              0.46       10000
256                     0.34              0.15              0.52       10000
512                     0.44              0.38              0.50       10000
1024                    0.81              0.47              1.16       10000
2048                    0.69              0.63              0.75       10000
4096                    2.57              2.57              2.57       10000
8192                    3.68              3.66              3.70       10000
16384                   3.97              3.94              4.01       10000
32768                   5.02              5.01              5.04       10000
65536                   8.74              8.68              8.80       10000
131072                 20.76             20.75             20.76       10000
262144                 48.04             47.92             48.15       10000
524288                118.01            117.84            118.19       10000
1048576               256.34            256.04            256.65       10000


--------------------------------------------
Test: 2

Algorithm: 1
Procs: 2
Iterations: 10000
Warmup: 1000
--------------------------------------------

Mapping: core
# OSU MPI Broadcast Latency Test v7.3
# Datatype: MPI_CHAR.
# Size       Avg Latency(us)   Min Latency(us)   Max Latency(us)  Iterations
1                       0.38              0.20              0.55       10000
2                       0.37              0.18              0.55       10000
4                       0.36              0.17              0.54       10000
8                       0.37              0.18              0.55       10000
16                      0.42              0.20              0.63       10000
32                      0.44              0.19              0.70       10000
64                      0.48              0.26              0.69       10000
128                     0.51              0.23              0.78       10000
256                     0.47              0.25              0.70       10000
512                     0.83              0.74              0.93       10000
1024                    0.94              0.76              1.11       10000
2048                    1.11              1.01              1.21       10000
4096                    3.73              3.64              3.83       10000
8192                    4.36              4.26              4.47       10000
16384                   5.89              5.82              5.96       10000
32768                  11.47             11.36             11.58       10000
65536                  17.12             17.09             17.16       10000
131072                 29.95             29.77             30.13       10000
262144                 74.07             74.01             74.13       10000
524288                133.80            133.69            133.91       10000
1048576               267.76            267.73            267.78       10000

Mapping: L3cache
# OSU MPI Broadcast Latency Test v7.3
# Datatype: MPI_CHAR.
# Size       Avg Latency(us)   Min Latency(us)   Max Latency(us)  Iterations
1                       0.40              0.17              0.62       10000
2                       0.41              0.17              0.64       10000
4                       0.39              0.17              0.61       10000
8                       0.44              0.25              0.64       10000
16                      0.39              0.18              0.60       10000
32                      0.47              0.21              0.73       10000
64                      0.42              0.18              0.67       10000
128                     0.54              0.30              0.79       10000
256                     0.51              0.25              0.78       10000
512                     0.81              0.72              0.90       10000
1024                    0.86              0.72              1.01       10000
2048                    1.39              1.31              1.48       10000
4096                    2.32              2.27              2.38       10000
8192                    2.56              2.47              2.64       10000
16384                   3.32              3.29              3.35       10000
32768                   6.19              6.18              6.20       10000
65536                   8.67              8.65              8.70       10000
131072                 21.08             21.08             21.08       10000
262144                 46.48             46.37             46.58       10000
524288                130.36            130.31            130.41       10000
1048576               254.29            254.19            254.39       10000

Mapping: numa
# OSU MPI Broadcast Latency Test v7.3
# Datatype: MPI_CHAR.
# Size       Avg Latency(us)   Min Latency(us)   Max Latency(us)  Iterations
1                       0.42              0.24              0.60       10000
2                       0.39              0.17              0.60       10000
4                       0.39              0.17              0.61       10000
8                       0.39              0.17              0.61       10000
16                      0.42              0.19              0.66       10000
32                      0.40              0.18              0.62       10000
64                      0.38              0.18              0.58       10000
128                     0.50              0.23              0.78       10000
256                     0.51              0.25              0.77       10000
512                     0.79              0.65              0.93       10000
1024                    0.84              0.71              0.96       10000
2048                    1.11              1.00              1.22       10000
4096                    3.49              3.39              3.59       10000
8192                    4.25              4.14              4.35       10000
16384                   5.86              5.75              5.97       10000
32768                   8.52              8.41              8.62       10000
65536                  15.76             15.63             15.89       10000
131072                 30.20             30.05             30.34       10000
262144                 64.38             64.37             64.40       10000
524288                131.42            131.27            131.57       10000
1048576               252.79            252.62            252.96       10000

Mapping: socket
# OSU MPI Broadcast Latency Test v7.3
# Datatype: MPI_CHAR.
# Size       Avg Latency(us)   Min Latency(us)   Max Latency(us)  Iterations
1                       0.41              0.29              0.54       10000
2                       0.49              0.37              0.62       10000
4                       0.47              0.35              0.59       10000
8                       0.50              0.25              0.75       10000
16                      0.42              0.18              0.66       10000
32                      0.48              0.25              0.70       10000
64                      0.43              0.19              0.67       10000
128                     0.58              0.31              0.85       10000
256                     0.52              0.25              0.78       10000
512                     0.79              0.67              0.92       10000
1024                    0.91              0.80              1.02       10000
2048                    1.11              1.02              1.20       10000
4096                    3.62              3.50              3.73       10000
8192                    4.44              4.40              4.47       10000
16384                   5.94              5.85              6.03       10000
32768                   8.87              8.82              8.93       10000
65536                  15.82             15.73             15.91       10000
131072                 30.06             29.74             30.38       10000
262144                 52.12             52.04             52.21       10000
524288                109.37            108.75            110.00       10000
1048576               260.46            260.26            260.67       10000

-------------------------------------------
