
Operation: bcast  , Node: THIN

--------------------------------------------

Repetition: 1

Algorithm: 1
Procs: 8
Mapping: L3cache
Iterations: 50000
Warmup: 200

# OSU MPI Broadcast Latency Test v7.3
# Datatype: MPI_CHAR.
# Size       Avg Latency(us)   Min Latency(us)   Max Latency(us)  Iterations  P50 Tail Lat(us)  P95 Tail Lat(us)  P99 Tail Lat(us)
1                       1.14              0.60              1.77       50000              1.13              1.26              1.40
2                       1.14              0.60              1.74       50000              1.13              1.25              1.37
4                       1.14              0.58              1.75       50000              1.13              1.27              1.38
8                       1.19              0.64              1.82       50000              1.13              1.27              1.37
16                      1.13              0.59              1.73       50000              1.13              1.23              1.30
32                      1.32              0.77              1.96       50000              1.24              1.67              2.01
64                      1.23              0.72              1.88       50000              1.20              1.55              1.63
128                     2.50              1.16              4.02       50000              2.47              2.78              3.03
256                     2.57              1.25              4.11       50000              2.55              2.80              2.97
512                     2.77              1.38              4.45       50000              2.74              3.11              3.32
1024                    3.56              1.72              5.74       50000              3.57              4.12              4.41
2048                    4.65              2.20              7.47       50000              4.63              4.97              5.15
4096                    6.63              3.17             10.35       50000              6.60              6.98              7.33
8192                   10.13              4.97             15.67       50000             10.11             10.46             12.02
16384                  12.98              6.89             16.81       50000             12.80             15.68             17.22
32768                  22.21             12.42             26.78       50000             21.88             26.43             28.59
65536                  43.91             27.34             50.41       50000             43.70             50.63             53.86
131072                 88.50             69.96             98.34       50000             88.31            100.37            105.47
262144                176.21            147.67            191.44       50000            176.14            197.29            206.25
524288                345.79            310.38            366.90       50000            345.76            386.14            401.71
1048576               599.14            475.42            664.22       50000            596.37            669.74            717.43


--------------------------------------------

Repetition: 2

Algorithm: 4
Procs: 16
Mapping: core
Iterations: 50000
Warmup: 5000

# OSU MPI Broadcast Latency Test v7.3
# Datatype: MPI_CHAR.
# Size       Avg Latency(us)   Min Latency(us)   Max Latency(us)  Iterations  P50 Tail Lat(us)  P95 Tail Lat(us)  P99 Tail Lat(us)
1                       3.69              0.34              6.71       50000              3.68              4.17              4.55
2                       2.01              0.73              2.57       50000              1.96              2.41              2.74
4                       2.01              0.75              2.55       50000              1.97              2.39              2.65
8                       1.99              0.74              2.53       50000              1.95              2.32              2.58
16                      1.99              0.74              2.50       50000              1.94              2.35              2.62
32                      1.97              0.74              2.50       50000              1.93              2.31              2.55
64                      2.55              0.75              3.33       50000              2.52              3.01              3.31
128                     2.54              0.76              3.34       50000              2.52              2.95              3.25
256                     3.63              1.10              4.86       50000              3.57              3.96              4.28
512                     3.71              1.10              4.88       50000              3.69              4.10              4.36
1024                    4.04              1.16              5.33       50000              4.02              4.46              4.74
2048                    4.80              1.26              6.33       50000              4.79              5.15              5.42
4096                    6.54              2.26              8.45       50000              6.51              6.91              7.27
8192                    8.87              2.92             11.42       50000              8.81              9.24             10.94
16384                  13.63              4.63             17.25       50000             13.57             14.04             16.73
32768                  22.27              8.51             28.66       50000             22.17             22.82             25.82
65536                  37.48             17.23             46.21       50000             37.23             38.78             41.58
131072                 69.72             33.87             84.91       50000             69.38             72.98             74.92
262144                132.87             67.56            161.69       50000            132.41            136.52            138.04
524288                324.52            245.04            411.01       50000            320.73            338.51            342.37
1048576               669.47            485.66            841.48       50000            672.06            717.72            720.55


--------------------------------------------

Repetition: 3

Algorithm: 1
Procs: 4
Mapping: socket
Iterations: 50000
Warmup: 5000

# OSU MPI Broadcast Latency Test v7.3
# Datatype: MPI_CHAR.
# Size       Avg Latency(us)   Min Latency(us)   Max Latency(us)  Iterations  P50 Tail Lat(us)  P95 Tail Lat(us)  P99 Tail Lat(us)
1                       0.31              0.31              0.32       50000              0.25              0.54              0.62
2                       0.32              0.30              0.34       50000              0.24              0.58              0.63
4                       0.35              0.34              0.35       50000              0.36              0.55              0.58
8                       0.31              0.30              0.32       50000              0.24              0.56              0.59
16                      0.36              0.36              0.37       50000              0.38              0.54              0.58
32                      0.63              0.53              0.79       50000              0.57              1.16              1.33
64                      0.53              0.46              0.63       50000              0.51              0.92              0.99
128                     1.06              0.88              1.40       50000              1.03              1.27              1.42
256                     1.14              0.94              1.51       50000              1.11              1.39              1.53
512                     1.32              1.04              1.79       50000              1.30              1.57              1.72
1024                    1.54              1.24              2.10       50000              1.52              1.88              2.11
2048                    2.36              2.05              3.22       50000              2.32              2.77              3.02
4096                    3.74              3.13              4.90       50000              3.72              4.09              4.29
8192                    5.76              4.82              7.48       50000              5.74              6.06              6.30
16384                   8.71              7.65              9.71       50000              8.64             10.91             11.97
32768                  14.13             13.31             15.30       50000             14.03             17.65             19.17
65536                  21.99             20.84             23.56       50000             22.04             26.38             28.68
131072                 39.48             37.68             42.06       50000             38.92             50.03             55.55
262144                 79.27             74.76             83.87       50000             76.52            105.75            112.25
524288                160.25            148.61            168.58       50000            148.99            212.28            223.34
1048576               330.03            303.30            344.38       50000            303.31            425.98            445.09

-------------------------------------------
