
Operation: bcast
Node: EPYC

--------------------------------------------
Test: 1

Algorithm: 0
Procs: 16
Mapping: numa
Iterations: 100000
--------------------------------------------

Warmup: 200
# OSU MPI Broadcast Latency Test v7.3
# Datatype: MPI_CHAR.
# Size       Avg Latency(us)   Min Latency(us)   Max Latency(us)  Iterations  P50 Tail Lat(us)  P95 Tail Lat(us)  P99 Tail Lat(us)
1                       2.02              1.43              2.88      100000              1.94              2.40              2.81
2                       2.07              1.45              2.90      100000              2.04              2.45              2.92
4                       1.91              1.31              2.70      100000              1.87              2.40              2.70
8                       1.91              1.30              2.70      100000              1.86              2.44              2.71
16                      1.93              1.31              2.72      100000              1.87              2.47              2.72
32                      2.36              1.61              3.32      100000              2.32              2.90              3.46
64                      2.35              1.59              3.31      100000              2.30              2.88              3.34
128                     3.49              2.44              4.82      100000              3.47              3.99              4.26
256                     3.57              2.49              4.91      100000              3.54              4.06              4.47
512                     3.85              2.81              5.28      100000              3.82              4.31              5.08
1024                    4.19              3.05              5.87      100000              4.12              4.76              5.11
2048                    5.86              3.91              8.17      100000              5.80              6.43              6.92
4096                    7.47              5.20              9.59      100000              7.39              7.96              8.74
8192                   11.70              8.66             14.56      100000             11.59             12.19             14.99
16384                  24.20             10.15             36.55      100000             23.84             26.67             29.61
32768                  42.79             19.06             58.51      100000             42.48             47.58             50.85
65536                  87.86             36.79            119.35      100000             88.01             96.40            100.53
131072                170.30             73.32            249.50      100000            170.19            182.06            188.46
262144                344.32            164.23            511.22      100000            343.09            361.64            378.85
524288                688.21            331.23           1030.03      100000            685.37            712.67            840.48
1048576               580.60            552.51            605.84      100000            579.48            596.30            605.32

Warmup: 1000
# OSU MPI Broadcast Latency Test v7.3
# Datatype: MPI_CHAR.
# Size       Avg Latency(us)   Min Latency(us)   Max Latency(us)  Iterations  P50 Tail Lat(us)  P95 Tail Lat(us)  P99 Tail Lat(us)
1                       1.85              1.30              2.62      100000              1.83              2.18              2.52
2                       1.93              1.35              2.72      100000              1.89              2.32              2.69
4                       1.90              1.32              2.67      100000              1.87              2.28              2.65
8                       1.91              1.32              2.71      100000              1.88              2.30              2.59
16                      1.91              1.32              2.71      100000              1.88              2.37              2.61
32                      2.38              1.66              3.31      100000              2.34              2.96              3.38
64                      2.38              1.64              3.34      100000              2.34              2.88              3.17
128                     3.57              2.49              4.95      100000              3.54              4.04              4.48
256                     3.58              2.47              4.98      100000              3.55              4.05              4.41
512                     3.94              2.85              5.49      100000              3.92              4.39              4.72
1024                    4.16              3.01              5.80      100000              4.11              4.71              5.01
2048                    5.92              3.93              8.24      100000              5.87              6.47              6.97
4096                    7.48              5.16              9.68      100000              7.40              7.93              8.59
8192                   11.74              8.71             14.60      100000             11.62             12.24             15.05
16384                  24.61             10.82             36.93      100000             24.15             27.96             30.42
32768                  44.37             20.88             59.08      100000             43.97             49.95             53.50
65536                  89.49             37.41            136.64      100000             89.52             99.32            104.16
131072                169.70             77.83            246.17      100000            169.56            182.92            189.76
262144                343.79            167.43            505.05      100000            342.42            362.74            382.12
524288                687.39            351.54           1016.67      100000            684.60            714.55            839.66
1048576               565.17            549.40            602.80      100000            564.89            573.96            578.39

Warmup: 2000
# OSU MPI Broadcast Latency Test v7.3
# Datatype: MPI_CHAR.
# Size       Avg Latency(us)   Min Latency(us)   Max Latency(us)  Iterations  P50 Tail Lat(us)  P95 Tail Lat(us)  P99 Tail Lat(us)
1                       1.86              1.34              2.66      100000              1.84              2.24              2.50
2                       1.97              1.38              2.80      100000              1.91              2.33              2.59
4                       1.97              1.39              2.81      100000              1.92              2.49              2.79
8                       1.91              1.35              2.72      100000              1.87              2.39              2.75
16                      1.97              1.41              2.79      100000              1.90              2.42              2.76
32                      2.45              1.66              3.45      100000              2.40              3.01              3.31
64                      2.43              1.66              3.43      100000              2.39              2.93              3.21
128                     3.51              2.44              4.89      100000              3.50              3.91              4.22
256                     3.61              2.51              4.98      100000              3.56              4.08              4.47
512                     3.90              2.81              5.37      100000              3.86              4.41              4.73
1024                    4.18              3.05              5.87      100000              4.12              4.71              5.11
2048                    5.81              3.81              8.16      100000              5.74              6.40              6.87
4096                    7.47              5.13              9.66      100000              7.39              7.95              8.64
8192                   11.69              8.57             14.58      100000             11.58             12.21             14.80
16384                  24.51              9.77             37.66      100000             24.07             28.06             29.90
32768                  41.55             17.75             57.42      100000             40.84             47.73             50.53
65536                  88.27             37.33            136.98      100000             88.25             98.93            104.06
131072                169.42             74.86            247.73      100000            169.02            182.24            189.48
262144                342.46            163.65            500.06      100000            341.20            359.72            378.51
524288                684.06            331.64           1012.46      100000            681.24            708.24            828.84
1048576               623.43            577.03            660.05      100000            618.08            665.50            674.90

Warmup: 5000
# OSU MPI Broadcast Latency Test v7.3
# Datatype: MPI_CHAR.
# Size       Avg Latency(us)   Min Latency(us)   Max Latency(us)  Iterations  P50 Tail Lat(us)  P95 Tail Lat(us)  P99 Tail Lat(us)
1                       2.03              1.45              2.84      100000              1.98              2.38              2.71
2                       2.07              1.46              2.92      100000              2.04              2.39              2.69
4                       1.96              1.39              2.75      100000              1.93              2.42              2.66
8                       1.91              1.34              2.71      100000              1.87              2.41              2.66
16                      1.97              1.42              2.79      100000              1.91              2.50              2.78
32                      2.41              1.66              3.38      100000              2.36              2.97              3.47
64                      2.36              1.64              3.32      100000              2.32              2.89              3.15
128                     3.54              2.49              4.88      100000              3.50              3.93              4.38
256                     3.63              2.54              4.98      100000              3.61              4.06              4.30
512                     3.88              2.77              5.32      100000              3.85              4.33              4.60
1024                    4.16              3.03              5.79      100000              4.12              4.70              5.17
2048                    5.91              3.94              8.22      100000              5.86              6.43              6.84
4096                    7.49              5.20              9.63      100000              7.41              7.98              8.50
8192                   11.70              8.64             14.56      100000             11.58             12.18             15.26
16384                  24.45             10.45             36.90      100000             23.83             28.40             30.75
32768                  42.70             17.40             64.01      100000             42.19             48.88             53.00
65536                  89.11             37.71            156.31      100000             88.89             99.46            103.93
131072                145.26             57.86            222.69      100000            144.82            158.96            168.94
262144                308.12            156.80            452.04      100000            306.77            338.41            354.91
524288                640.31            344.38            929.58      100000            645.16            685.88            750.54
1048576               561.27            552.37            584.42      100000            560.93            570.02            574.52


--------------------------------------------
Test: 2

Algorithm: 4
Procs: 4
Mapping: numa
Iterations: 100000
--------------------------------------------

Warmup: 200
# OSU MPI Broadcast Latency Test v7.3
# Datatype: MPI_CHAR.
# Size       Avg Latency(us)   Min Latency(us)   Max Latency(us)  Iterations  P50 Tail Lat(us)  P95 Tail Lat(us)  P99 Tail Lat(us)
1                       0.80              0.22              1.15      100000              0.78              0.87              0.94
2                       0.90              0.38              1.27      100000              0.89              0.96              1.04
4                       0.91              0.37              1.29      100000              0.90              0.96              1.02
8                       0.90              0.37              1.28      100000              0.89              0.97              1.17
16                      0.90              0.38              1.27      100000              0.89              0.95              1.01
32                      0.90              0.39              1.28      100000              0.90              0.97              1.02
64                      1.06              0.45              1.48      100000              1.03              1.29              1.52
128                     1.05              0.44              1.46      100000              1.04              1.17              1.30
256                     1.50              0.86              1.96      100000              1.50              1.74              1.84
512                     1.57              0.91              2.00      100000              1.56              1.81              1.92
1024                    1.84              1.00              2.37      100000              1.82              2.11              2.25
2048                    2.01              1.10              2.59      100000              1.98              2.38              2.54
4096                    3.06              2.05              3.60      100000              3.05              3.36              3.58
8192                    4.30              2.94              5.03      100000              4.27              4.64              5.01
16384                   7.21              5.38              8.22      100000              7.15              7.64              8.28
32768                  12.94             10.81             14.64      100000             12.86             13.62             16.00
65536                  22.34             19.42             24.87      100000             21.39             24.97             27.07
131072                 39.74             35.38             43.74      100000             39.50             42.18             43.94
262144                 77.42             69.74             84.77      100000             77.01             81.10             83.02
524288                162.85            161.33            164.25      100000            160.50            173.70            180.55
1048576               315.76            313.47            318.17      100000            313.86            334.72            347.18

Warmup: 1000
# OSU MPI Broadcast Latency Test v7.3
# Datatype: MPI_CHAR.
# Size       Avg Latency(us)   Min Latency(us)   Max Latency(us)  Iterations  P50 Tail Lat(us)  P95 Tail Lat(us)  P99 Tail Lat(us)
1                       0.80              0.26              1.15      100000              0.79              0.87              0.97
2                       0.91              0.38              1.27      100000              0.90              1.00              1.22
4                       0.91              0.38              1.29      100000              0.89              0.97              1.05
8                       0.90              0.38              1.27      100000              0.89              0.97              1.16
16                      0.90              0.38              1.26      100000              0.89              0.96              1.01
32                      0.90              0.39              1.27      100000              0.89              0.96              1.02
64                      1.06              0.45              1.48      100000              1.03              1.32              1.55
128                     1.06              0.44              1.45      100000              1.05              1.15              1.25
256                     1.49              0.84              1.95      100000              1.46              1.76              1.95
512                     1.56              0.89              1.99      100000              1.55              1.77              1.88
1024                    1.85              0.99              2.39      100000              1.84              2.18              2.33
2048                    2.04              1.12              2.61      100000              2.01              2.39              2.62
4096                    2.96              1.89              3.56      100000              2.95              3.33              3.49
8192                    4.29              2.92              5.02      100000              4.26              4.62              4.95
16384                   7.21              5.38              8.22      100000              7.15              7.69              8.29
32768                  12.93             10.75             14.72      100000             12.84             13.58             16.12
65536                  23.18             20.09             26.03      100000             23.77             25.11             27.63
131072                 39.90             35.43             44.19      100000             39.62             42.42             44.26
262144                 77.72             69.88             85.45      100000             77.24             81.46             83.38
524288                165.14            164.35            165.80      100000            162.51            176.76            184.02
1048576               314.11            311.19            317.18      100000            312.35            334.14            347.34

Warmup: 2000
# OSU MPI Broadcast Latency Test v7.3
# Datatype: MPI_CHAR.
# Size       Avg Latency(us)   Min Latency(us)   Max Latency(us)  Iterations  P50 Tail Lat(us)  P95 Tail Lat(us)  P99 Tail Lat(us)
1                       0.80              0.23              1.16      100000              0.80              0.86              0.96
2                       0.90              0.37              1.27      100000              0.89              0.96              1.22
4                       0.91              0.37              1.28      100000              0.89              0.97              1.04
8                       0.90              0.37              1.27      100000              0.89              0.97              1.06
16                      0.91              0.37              1.28      100000              0.90              0.98              1.22
32                      0.90              0.37              1.28      100000              0.89              0.97              1.03
64                      1.06              0.43              1.48      100000              1.03              1.31              1.50
128                     1.06              0.44              1.48      100000              1.06              1.17              1.27
256                     1.51              0.85              2.01      100000              1.47              1.80              1.94
512                     1.58              0.91              2.01      100000              1.56              1.83              1.95
1024                    1.84              0.99              2.37      100000              1.81              2.14              2.30
2048                    2.00              1.08              2.57      100000              1.97              2.33              2.48
4096                    3.00              1.95              3.58      100000              3.00              3.37              3.56
8192                    4.31              2.96              5.04      100000              4.28              4.67              5.01
16384                   7.20              5.38              8.24      100000              7.14              7.71              8.30
32768                  12.95             10.76             14.69      100000             12.86             13.62             16.03
65536                  22.32             19.39             24.93      100000             21.74             24.85             27.06
131072                 39.67             35.32             43.65      100000             39.41             42.14             43.81
262144                 77.14             69.41             84.54      100000             76.69             80.93             82.91
524288                152.67            149.97            155.25      100000            150.77            160.93            166.64
1048576               283.96            283.53            284.27      100000            281.90            295.07            303.89

Warmup: 5000
# OSU MPI Broadcast Latency Test v7.3
# Datatype: MPI_CHAR.
# Size       Avg Latency(us)   Min Latency(us)   Max Latency(us)  Iterations  P50 Tail Lat(us)  P95 Tail Lat(us)  P99 Tail Lat(us)
1                       0.80              0.24              1.17      100000              0.79              0.87              0.96
2                       0.90              0.37              1.27      100000              0.89              0.96              1.21
4                       0.90              0.38              1.28      100000              0.89              0.96              1.09
8                       0.89              0.37              1.25      100000              0.88              0.95              1.00
16                      0.89              0.37              1.26      100000              0.89              0.96              1.05
32                      0.90              0.38              1.27      100000              0.88              0.97              1.03
64                      1.09              0.45              1.53      100000              1.06              1.32              1.58
128                     1.07              0.44              1.50      100000              1.07              1.17              1.29
256                     1.49              0.86              1.96      100000              1.47              1.74              1.85
512                     1.57              0.93              2.00      100000              1.53              1.87              1.98
1024                    1.83              1.01              2.33      100000              1.79              2.17              2.38
2048                    2.01              1.09              2.58      100000              1.98              2.34              2.53
4096                    3.00              1.94              3.58      100000              2.99              3.37              3.57
8192                    4.31              2.95              5.06      100000              4.27              4.69              5.01
16384                   7.19              5.39              8.22      100000              7.14              7.64              8.27
32768                  12.89             10.72             14.69      100000             12.80             13.56             16.09
65536                  22.42             19.45             25.04      100000             22.96             24.90             27.18
131072                 39.78             35.33             43.92      100000             39.48             42.34             44.11
262144                 77.30             69.62             84.60      100000             76.85             80.99             82.97
524288                163.76            162.86            164.53      100000            161.49            174.98            182.16
1048576               289.94            289.36            290.40      100000            288.03            303.99            315.77


--------------------------------------------
Test: 3

Algorithm: 1
Procs: 128
Mapping: numa
Iterations: 50000
--------------------------------------------

Warmup: 200
# OSU MPI Broadcast Latency Test v7.3
# Datatype: MPI_CHAR.
# Size       Avg Latency(us)   Min Latency(us)   Max Latency(us)  Iterations  P50 Tail Lat(us)  P95 Tail Lat(us)  P99 Tail Lat(us)
1                      15.56              0.78             31.16       50000             15.33             16.60             19.20
2                      16.11              0.69             32.04       50000             15.92             17.60             19.46
4                      15.87              0.72             31.87       50000             15.77             17.47             19.26
8                      16.24              0.69             32.34       50000             16.05             17.73             19.64
16                     16.10              0.74             32.44       50000             15.93             17.84             19.68
32                     17.28              0.75             33.73       50000             17.17             18.83             20.95
64                     16.80              0.76             33.45       50000             16.56             18.67             20.33
128                    48.32              0.89             96.01       50000             48.13             52.46             54.48
256                    48.99              0.96             97.04       50000             48.77             52.80             54.98
512                    49.89              0.91             98.96       50000             49.73             53.40             55.59
1024                   53.98              3.71            103.93       50000             51.01             56.86             59.59
2048                   81.82              1.47            162.14       50000             81.63             85.27             87.64
4096                  105.67              2.07            209.13       50000            105.12            110.64            113.61
8192                  163.36              3.21            322.97       50000            163.01            168.47            171.10
16384                 235.49              8.41            357.88       50000            234.97            250.41            258.00
32768                 459.48             11.10            633.11       50000            459.36            479.03            488.67
65536                1032.94             41.43           1256.84       50000           1032.69           1063.38           1077.19
131072               2170.22            446.25           2415.30       50000           2170.81           2238.31           2266.72
262144               4457.16           2144.00           4722.02       50000           4455.17           4580.29           4633.32
524288               9223.65           7261.45          11064.50       50000           8524.83          20138.75          21239.19
1048576             16607.76          14279.80          20786.67       50000          16264.19          17364.34          28630.68

Warmup: 1000
# OSU MPI Broadcast Latency Test v7.3
# Datatype: MPI_CHAR.
# Size       Avg Latency(us)   Min Latency(us)   Max Latency(us)  Iterations  P50 Tail Lat(us)  P95 Tail Lat(us)  P99 Tail Lat(us)
1                      15.64              0.72             31.68       50000             15.47             16.83             19.73
2                      16.45              0.69             33.27       50000             16.09             18.30             20.03
4                      16.35              0.75             33.20       50000             16.18             17.96             20.08
8                      16.67              0.71             33.65       50000             16.45             18.58             20.39
16                     16.53              0.75             33.71       50000             16.32             18.43             20.26
32                     17.70              0.80             34.78       50000             17.61             19.61             21.64
64                     17.19              0.85             34.54       50000             16.97             18.84             20.68
128                    49.11              0.92             98.13       50000             48.66             53.11             55.32
256                    50.01              0.91             99.58       50000             49.38             54.33             56.57
512                    50.51              0.92            100.72       50000             50.07             54.43             56.81
1024                   52.79              1.06            104.68       50000             52.29             57.98             60.94
2048                   82.19              1.39            162.37       50000             81.77             85.43             88.24
4096                  106.75              1.92            210.58       50000            106.14            111.17            114.33
8192                  165.10              3.07            325.04       50000            164.35            169.68            172.81
16384                 225.54              7.45            355.20       50000            224.79            244.00            252.05
32768                 466.51             10.91            690.50       50000            467.09            489.86            500.98
65536                1042.22             36.77           1268.05       50000           1042.87           1074.03           1087.06
131072               2887.17           1211.40           6177.46       50000           2129.33          14333.88          14865.31
262144               4652.81           2639.44           5496.24       50000           4400.19           4566.24          16598.51
524288               8546.61           6506.51           9061.35       50000           8514.12           9030.20           9268.32
