
Operation: bcast
Node: EPYC

--------------------------------------------
Test: 1

Algorithm: 1
Procs: 64
Mapping: core
Iterations: 50000
--------------------------------------------

Warmup: 200
# OSU MPI Broadcast Latency Test v7.3
# Datatype: MPI_CHAR.
# Size       Avg Latency(us)   Min Latency(us)   Max Latency(us)  Iterations  P50 Tail Lat(us)  P95 Tail Lat(us)  P99 Tail Lat(us)
1                       4.96              0.45             10.80       50000              4.84              5.63              6.65
2                       5.17              0.47             11.27       50000              5.05              5.85              6.84
4                       5.22              0.50             11.30       50000              5.08              5.90              7.14
8                       5.26              0.46             11.46       50000              5.12              6.17              7.19
16                      5.21              0.47             11.33       50000              5.06              6.02              7.05
32                      6.00              0.52             12.51       50000              5.74              7.77              8.61
64                      6.05              0.54             12.67       50000              5.86              7.45              8.43
128                    15.03              0.55             31.47       50000             14.84             16.21             19.29
256                    15.39              0.57             32.18       50000             15.14             16.74             19.84
512                    15.48              0.62             32.17       50000             15.27             16.66             19.95
1024                   17.69              0.69             36.53       50000             17.46             19.31             22.55
2048                   27.12              0.61             56.86       50000             26.89             28.90             32.36
4096                   36.46              0.72             75.81       50000             36.16             38.95             42.38
8192                   54.28              0.93            110.99       50000             52.38             61.34             65.40
16384                  50.47              5.95             83.69       50000             49.91             58.72             63.44
32768                  98.33             13.72            140.96       50000             95.36            126.14            138.13
65536                 243.58             91.85            289.04       50000            245.56            280.02            293.18
131072                501.13            326.59            553.42       50000            501.01            555.30            587.91
262144               1021.92            790.12           1093.53       50000           1021.81           1080.53           1106.63
524288               2164.64           1840.32           2265.85       50000           2166.02           2265.55           2303.01
1048576              4224.90           3779.86           4399.88       50000           4227.15           4364.76           4418.58

Warmup: 1000
# OSU MPI Broadcast Latency Test v7.3
# Datatype: MPI_CHAR.
# Size       Avg Latency(us)   Min Latency(us)   Max Latency(us)  Iterations  P50 Tail Lat(us)  P95 Tail Lat(us)  P99 Tail Lat(us)
1                       5.03              0.50             10.97       50000              4.86              6.14              7.35
2                       5.18              0.49             11.42       50000              5.07              6.05              6.94
4                       5.25              0.52             11.55       50000              5.15              6.03              6.91
8                       5.19              0.49             11.47       50000              5.10              5.97              6.82
16                      5.21              0.50             11.49       50000              5.11              6.14              7.04
32                      5.85              0.55             12.32       50000              5.58              7.76              9.03
64                      5.81              0.54             12.44       50000              5.68              7.08              7.94
128                    15.07              0.58             31.50       50000             14.89             16.37             18.85
256                    15.39              0.61             32.13       50000             15.17             17.09             19.21
512                    15.72              0.65             32.43       50000             15.56             16.79             19.78
1024                   18.09              0.72             37.07       50000             17.85             19.89             22.54
2048                   27.42              0.60             57.33       50000             27.28             28.87             32.42
4096                   36.84              0.74             76.42       50000             36.56             39.51             42.36
8192                   54.91              0.90            112.09       50000             52.77             61.84             65.71
16384                  51.20              5.77             85.45       50000             50.46             60.55             65.44
32768                 103.77             13.76            146.99       50000            102.65            133.54            141.18
65536                 253.47             93.58            296.76       50000            256.02            284.53            295.38
131072                511.27            330.90            563.62       50000            508.79            569.04            592.90
262144               1033.20            795.83           1105.39       50000           1033.23           1089.56           1113.29
524288               2156.69           1831.34           2257.89       50000           2157.77           2254.89           2293.48
1048576              3808.98           2012.58           4207.21       50000           3820.98           4039.93           4114.32

Warmup: 2000
# OSU MPI Broadcast Latency Test v7.3
# Datatype: MPI_CHAR.
# Size       Avg Latency(us)   Min Latency(us)   Max Latency(us)  Iterations  P50 Tail Lat(us)  P95 Tail Lat(us)  P99 Tail Lat(us)
1                       5.18              0.52             11.18       50000              5.05              6.06              7.05
2                       5.31              0.47             11.60       50000              5.17              6.26              7.09
4                       5.49              0.53             11.82       50000              5.37              6.45              7.44
8                       5.36              0.46             11.70       50000              5.25              6.32              7.17
16                      5.29              0.47             11.56       50000              5.18              6.17              7.05
32                      6.06              0.52             12.67       50000              5.80              7.79              8.57
64                      6.13              0.54             12.83       50000              5.97              7.44              8.29
128                    15.03              0.55             31.48       50000             14.87             16.13             19.01
256                    15.49              0.56             32.38       50000             15.30             16.95             19.49
512                    15.61              0.58             32.45       50000             15.44             16.75             19.88
1024                   17.93              0.65             37.01       50000             17.73             19.83             22.40
2048                   27.29              0.56             57.27       50000             27.14             28.92             32.29
4096                   36.76              0.69             76.40       50000             36.51             39.34             42.63
8192                   56.00              0.80            114.42       50000             53.52             62.77             66.87
16384                  44.56              5.37             75.34       50000             43.39             55.24             63.10
32768                 108.16             11.91            146.19       50000            107.87            130.40            137.79
65536                 249.96             88.07            292.53       50000            250.38            275.64            292.83
131072                519.77            349.94            569.99       50000            519.03            558.96            586.40
262144                880.99            576.84           1001.66       50000            880.35            922.00            948.92
524288               1619.40            605.26           1877.45       50000           1619.12           1729.40           1773.88
1048576              3747.25           1437.22           4096.96       50000           3762.89           3912.49           3968.04

Warmup: 5000
# OSU MPI Broadcast Latency Test v7.3
# Datatype: MPI_CHAR.
# Size       Avg Latency(us)   Min Latency(us)   Max Latency(us)  Iterations  P50 Tail Lat(us)  P95 Tail Lat(us)  P99 Tail Lat(us)
1                       4.96              0.49             10.87       50000              4.84              5.67              6.52
2                       5.02              0.45             11.24       50000              4.94              5.66              6.58
4                       5.12              0.49             11.33       50000              5.00              5.81              6.87
8                       5.07              0.45             11.36       50000              4.96              5.79              6.72
16                      5.07              0.45             11.38       50000              4.96              5.83              6.83
32                      5.80              0.51             12.45       50000              5.56              7.50              8.39
64                      5.71              0.49             12.37       50000              5.53              6.89              7.87
128                    15.24              0.55             31.88       50000             15.08             16.50             19.54
256                    15.47              0.56             32.33       50000             15.30             16.92             19.87
512                    15.75              0.61             32.63       50000             15.53             16.96             20.34
1024                   17.36              0.66             35.79       50000             17.16             19.12             22.25
2048                   27.43              0.63             57.44       50000             27.24             29.40             33.02
4096                   36.68              0.74             76.20       50000             36.41             39.14             42.90
8192                   55.47              0.88            113.42       50000             53.23             62.52             66.76
16384                  45.47              5.41             75.55       50000             43.30             58.32             63.71
32768                 113.14             12.83            149.99       50000            114.76            134.37            140.42
65536                 264.34            112.28            304.16       50000            264.39            286.36            295.91
131072                528.80            362.04            575.71       50000            527.57            569.32            590.44
262144               1069.34            853.30           1136.27       50000           1069.66           1116.38           1135.92
524288               1998.56           1649.41           2139.74       50000           1999.25           2078.34           2110.23
1048576              3940.81           2008.61           4222.80       50000           3943.23           4089.39           4150.13


--------------------------------------------
Test: 2

Algorithm: 1
Procs: 96
Mapping: L3cache
Iterations: 50000
--------------------------------------------

Warmup: 200
# OSU MPI Broadcast Latency Test v7.3
# Datatype: MPI_CHAR.
# Size       Avg Latency(us)   Min Latency(us)   Max Latency(us)  Iterations  P50 Tail Lat(us)  P95 Tail Lat(us)  P99 Tail Lat(us)
1                      12.97              0.56             26.90       50000             12.78             14.34             16.06
2                      13.79              0.60             28.94       50000             13.54             16.14             17.40
4                      13.81              0.66             29.30       50000             13.67             15.42             16.74
8                      13.83              0.60             29.05       50000             13.71             15.71             16.85
16                     14.02              0.64             29.81       50000             13.84             15.86             17.04
32                     14.55              0.64             30.02       50000             14.04             17.18             18.37
64                     14.36              0.72             30.29       50000             14.01             16.71             17.80
128                    32.27              0.82             66.07       50000             31.93             34.92             37.17
256                    32.90              0.85             67.55       50000             32.16             36.27             38.39
512                    33.77              0.93             68.96       50000             33.48             36.36             38.66
1024                   35.58              0.99             72.39       50000             35.41             38.74             41.33
2048                   55.86              1.23            113.60       50000             55.55             58.61             60.89
4096                   74.10              1.65            150.19       50000             73.93             77.89             80.52
8192                  116.87              2.62            237.23       50000            116.26            121.21            123.75
16384                 152.49              6.91            239.40       50000            152.79            162.91            168.76
32768                 298.41             10.71            422.90       50000            298.00            310.76            318.51
65536                 691.01             37.26            845.85       50000            690.92            716.06            726.09
131072               1444.79            452.20           1632.62       50000           1445.27           1490.04           1509.00
262144               2934.85           1869.28           3134.29       50000           2945.72           3082.44           3140.11
524288               5016.75           2518.91           5673.10       50000           5017.40           5200.59           5424.30
1048576              9739.34           2703.42          10808.84       50000           9629.83          10474.60          10830.38

Warmup: 1000
# OSU MPI Broadcast Latency Test v7.3
# Datatype: MPI_CHAR.
# Size       Avg Latency(us)   Min Latency(us)   Max Latency(us)  Iterations  P50 Tail Lat(us)  P95 Tail Lat(us)  P99 Tail Lat(us)
1                      12.48              0.55             26.16       50000             12.27             14.01             15.56
2                      13.15              0.63             27.93       50000             12.89             15.36             16.91
4                      13.44              0.64             28.85       50000             13.31             15.23             16.50
8                      13.28              0.61             28.28       50000             13.16             15.25             16.55
16                     13.54              0.60             29.28       50000             13.35             15.14             16.61
32                     14.09              0.65             29.23       50000             13.64             16.61             17.76
64                     14.15              0.68             30.05       50000             13.89             16.00             17.17
128                    32.41              0.78             66.90       50000             32.27             35.16             37.25
256                    33.44              0.84             68.59       50000             32.60             36.95             38.83
512                    34.57              0.94             70.08       50000             34.40             36.57             38.93
1024                   35.98              0.95             73.14       50000             35.65             38.89             41.34
2048                   55.94              1.18            113.80       50000             55.67             58.59             60.99
4096                   74.32              1.61            150.90       50000             74.40             78.17             80.68
8192                  117.00              2.56            237.46       50000            116.52            121.04            123.43
16384                 173.12              9.79            255.62       50000            172.57            184.84            191.99
32768                 326.73             11.69            449.67       50000            327.09            345.69            354.29
65536                 701.11             22.84            864.30       50000            701.39            728.08            739.44
131072               1460.95             91.58           1664.59       50000           1461.62           1509.47           1528.51
262144               2966.00           1009.65           3180.91       50000           2967.61           3055.55           3092.06
524288               5979.41           3983.80           6271.48       50000           5957.56           6333.64           6580.63
1048576             11780.11           9838.38          12175.22       50000          11763.67          12261.78          12505.70

Warmup: 2000
# OSU MPI Broadcast Latency Test v7.3
# Datatype: MPI_CHAR.
# Size       Avg Latency(us)   Min Latency(us)   Max Latency(us)  Iterations  P50 Tail Lat(us)  P95 Tail Lat(us)  P99 Tail Lat(us)
1                      12.62              0.52             26.51       50000             12.46             13.83             15.51
2                      13.00              0.57             27.36       50000             12.77             14.95             16.20
4                      12.96              0.58             27.40       50000             12.84             14.50             15.68
8                      12.98              0.55             27.39       50000             12.80             14.77             16.15
16                     12.92              0.60             27.50       50000             12.72             14.73             16.06
32                     14.01              0.64             29.03       50000             13.59             16.32             17.47
64                     13.34              0.68             28.31       50000             13.20             14.74             16.28
128                    32.52              0.91             66.96       50000             32.08             35.25             37.39
256                    33.35              0.89             68.54       50000             33.23             36.86             38.63
512                    33.75              0.88             69.19       50000             33.55             35.94             38.23
1024                   35.73              0.94             72.76       50000             35.46             38.74             41.11
2048                   55.93              1.15            113.83       50000             55.69             58.75             60.91
4096                   74.09              1.57            150.39       50000             73.92             77.98             80.37
8192                  116.68              2.53            237.04       50000            116.41            120.92            123.32
16384                 155.47              6.72            242.51       50000            156.00            166.47            173.31
32768                 304.72             10.46            431.96       50000            304.20            320.09            329.32
65536                 707.37             32.26            867.67       50000            706.66            738.26            750.52
131072               1465.51            360.76           1657.58       50000           1465.85           1511.14           1530.62
262144               2960.02           1677.93           3163.40       50000           2960.44           3105.28           3156.74
524288               6036.57           4730.35           6334.23       50000           6018.64           6321.31           6594.37
