Test	Processes	Size		Total		Communication	Sorting		Merging
1	1		10000000	1.362581	0.000000	1.362581	0.000000
2	1		10000000	1.355640	0.000000	1.355640	0.000000
3	1		10000000	1.367177	0.000000	1.367177	0.000000
1	

2		10000000	1.338525	0.325983	0.662598	0.349944
2	

2		10000000	1.367092	0.336058	0.680013	0.351021
3	

2		10000000	1.337329	0.326553	0.657923	0.352853
1	



4		10000000	1.206785	0.358791	0.306467	0.541527
2	



4		10000000	1.216806	0.367621	0.305764	0.543420
3	



4		10000000	1.181230	0.353299	0.308039	0.519892
1	







8		10000000	1.007368	0.330271	0.144437	0.532660
2	







8		10000000	0.996559	0.326195	0.146290	0.524074
3	







8		10000000	1.009973	0.331052	0.144696	0.534225
1	















16		10000000	0.988357	0.339416	0.070090	0.578852
2	















16		10000000	0.988738	0.336939	0.068352	0.583446
3	















16		10000000	0.973180	0.333029	0.070010	0.570141
1	































32		10000000	0.947587	0.331892	0.032915	0.582779
2	































32		10000000	0.967178	0.345798	0.032615	0.588765
3	































32		10000000	0.948329	0.330875	0.032155	0.585299
1	































































64		10000000	1.016924	0.348683	0.015614	0.652627
2	































































64		10000000	1.008794	0.347803	0.015781	0.645210
3	































































64		10000000	1.006466	0.352474	0.015606	0.638386
1	































































































































128		10000000	1.181000	0.386109	0.008114	0.786777
2	































































































































128		10000000	1.181470	0.401874	0.008045	0.771551
3	































































































































128		10000000	1.197230	0.397061	0.008191	0.791978
1	































































































































































































































































256		10000000	1.563813	0.777776	0.003901	0.782135
2	































































































































































































































































256		10000000	1.554196	0.774506	0.003872	0.775819
3	































































































































































































































































256		10000000	1.609211	0.793442	0.003902	0.811866
