
Algorithm: 2

Procs: 2

Test: 1
# OSU MPI Broadcast Latency Test v7.3
# Datatype: MPI_CHAR.
# Size       Avg Latency(us)   Min Latency(us)   Max Latency(us)  Iterations  P50 Tail Lat(us)  P95 Tail Lat(us)  P99 Tail Lat(us)
1                       0.22              0.11              0.32        1000              0.21              0.29              0.31
2                       0.27              0.16              0.38        1000              0.25              0.36              0.38
4                       0.23              0.13              0.33        1000              0.22              0.32              0.34
8                       0.26              0.16              0.36        1000              0.25              0.35              0.37
16                      0.23              0.13              0.33        1000              0.22              0.32              0.35
32                      0.30              0.15              0.45        1000              0.29              0.41              0.48
64                      0.27              0.14              0.39        1000              0.25              0.33              0.36
128                     0.34              0.17              0.51        1000              0.33              0.41              0.43
256                     0.35              0.18              0.52        1000              0.34              0.44              0.47
512                     0.40              0.18              0.61        1000              0.39              0.48              0.52
1024                    0.47              0.23              0.70        1000              0.45              0.54              0.58
2048                    0.59              0.23              0.95        1000              0.57              0.67              0.72
4096                    0.87              0.39              1.34        1000              0.83              1.02              1.09
8192                    1.44              0.68              2.19        1000              1.42              1.48              1.53
16384                   4.21              4.13              4.28         100              4.09              4.25              9.32
32768                   7.07              7.04              7.10         100              6.94              7.13             11.07
65536                   9.21              9.20              9.23         100              9.12              9.37             10.68
131072                 13.64             13.59             13.68         100             13.50             13.81             17.88
262144                 22.23             22.22             22.25         100             22.10             22.43             27.09
524288                 41.43             41.39             41.46         100             41.00             41.69             47.14
1048576                85.14             85.09             85.18         100             85.42             92.54             96.45

Test: 2
# OSU MPI Broadcast Latency Test v7.3
# Datatype: MPI_CHAR.
# Size       Avg Latency(us)   Min Latency(us)   Max Latency(us)  Iterations  P50 Tail Lat(us)  P95 Tail Lat(us)  P99 Tail Lat(us)
1                       0.18              0.11              0.26        1000              0.17              0.26              0.27
2                       0.22              0.13              0.31        1000              0.20              0.30              0.32
4                       0.25              0.15              0.36        1000              0.24              0.33              0.36
8                       0.21              0.12              0.30        1000              0.20              0.29              0.31
16                      0.25              0.15              0.36        1000              0.24              0.32              0.35
32                      0.26              0.12              0.40        1000              0.25              0.33              0.38
64                      0.29              0.15              0.43        1000              0.28              0.38              0.43
128                     0.35              0.19              0.51        1000              0.33              0.42              0.44
256                     0.37              0.21              0.54        1000              0.35              0.44              0.49
512                     0.39              0.20              0.58        1000              0.38              0.47              0.49
1024                    0.46              0.23              0.69        1000              0.45              0.50              0.53
2048                    0.59              0.24              0.94        1000              0.57              0.70              0.72
4096                    0.86              0.42              1.30        1000              0.83              1.03              1.07
8192                    1.43              0.69              2.17        1000              1.42              1.48              1.57
16384                   3.23              3.16              3.31         100              3.23              3.39              3.43
32768                   5.23              5.13              5.34         100              5.23              5.36              5.39
65536                   7.00              6.90              7.10         100              6.98              7.18              7.35
131072                 10.40             10.29             10.52         100             10.32             10.56             11.97
262144                 17.13             17.04             17.22         100             17.03             17.37             18.33
524288                 32.42             32.34             32.49         100             32.23             32.84             37.55
1048576                67.75             67.69             67.80         100             67.23             71.57             73.58

Test: 3
# OSU MPI Broadcast Latency Test v7.3
# Datatype: MPI_CHAR.
# Size       Avg Latency(us)   Min Latency(us)   Max Latency(us)  Iterations  P50 Tail Lat(us)  P95 Tail Lat(us)  P99 Tail Lat(us)
1                       0.19              0.10              0.28        1000              0.19              0.25              0.30
2                       0.24              0.14              0.33        1000              0.23              0.28              0.34
4                       0.22              0.12              0.31        1000              0.20              0.30              0.32
8                       0.25              0.15              0.34        1000              0.23              0.29              0.34
16                      0.21              0.12              0.30        1000              0.20              0.30              0.32
32                      0.31              0.14              0.48        1000              0.30              0.42              0.46
64                      0.27              0.13              0.41        1000              0.26              0.32              0.37
128                     0.34              0.18              0.49        1000              0.34              0.40              0.43
256                     0.35              0.19              0.50        1000              0.34              0.40              0.44
512                     0.37              0.18              0.56        1000              0.36              0.42              0.45
1024                    0.45              0.22              0.69        1000              0.45              0.51              0.54
2048                    0.58              0.23              0.92        1000              0.56              0.66              0.69
4096                    0.86              0.39              1.33        1000              0.83              1.02              1.06
8192                    1.43              0.68              2.18        1000              1.42              1.48              1.50
16384                   3.23              3.16              3.30         100              3.21              3.35              3.45
32768                   5.40              5.30              5.51         100              5.40              5.53              5.60
65536                   7.22              7.11              7.33         100              7.14              7.39              7.45
131072                 10.72             10.57             10.88         100             10.61             10.90             15.18
262144                 17.57             17.48             17.66         100             17.41             18.04             21.43
524288                 33.01             32.86             33.16         100             32.63             33.81             41.30
1048576                66.73             66.66             66.79         100             66.09             71.21             74.24

Test: 4
# OSU MPI Broadcast Latency Test v7.3
# Datatype: MPI_CHAR.
# Size       Avg Latency(us)   Min Latency(us)   Max Latency(us)  Iterations  P50 Tail Lat(us)  P95 Tail Lat(us)  P99 Tail Lat(us)
1                       0.21              0.11              0.31        1000              0.20              0.31              0.33
2                       0.25              0.15              0.34        1000              0.24              0.32              0.37
4                       0.22              0.12              0.32        1000              0.21              0.31              0.34
8                       0.25              0.15              0.36        1000              0.24              0.32              0.37
16                      0.21              0.11              0.30        1000              0.20              0.31              0.33
32                      0.27              0.13              0.42        1000              0.26              0.37              0.42
64                      0.30              0.15              0.45        1000              0.28              0.38              0.43
128                     0.33              0.16              0.49        1000              0.32              0.38              0.40
256                     0.37              0.19              0.56        1000              0.37              0.49              0.51
512                     0.38              0.17              0.59        1000              0.38              0.44              0.47
1024                    0.47              0.23              0.72        1000              0.47              0.58              0.62
2048                    0.59              0.24              0.95        1000              0.57              0.68              0.74
4096                    0.88              0.44              1.33        1000              0.84              1.02              1.11
8192                    1.45              0.69              2.21        1000              1.44              1.50              1.52
16384                   3.28              3.21              3.36         100              3.28              3.41              3.49
32768                   5.48              5.37              5.58         100              5.41              5.56              5.78
65536                   7.18              7.06              7.31         100              7.08              7.30             10.12
131072                 10.65             10.51             10.78         100             10.53             10.76             14.85
262144                 17.70             17.62             17.77         100             17.43             17.84             22.31
524288                 33.10             33.06             33.14         100             32.84             33.77             37.30
1048576                68.23             68.23             68.23         100             67.71             71.89             73.49

Test: 5
# OSU MPI Broadcast Latency Test v7.3
# Datatype: MPI_CHAR.
# Size       Avg Latency(us)   Min Latency(us)   Max Latency(us)  Iterations  P50 Tail Lat(us)  P95 Tail Lat(us)  P99 Tail Lat(us)
1                       0.20              0.11              0.29        1000              0.19              0.25              0.29
2                       0.26              0.16              0.36        1000              0.25              0.33              0.36
4                       0.22              0.12              0.31        1000              0.21              0.27              0.31
8                       0.26              0.16              0.36        1000              0.24              0.31              0.37
16                      0.20              0.11              0.29        1000              0.19              0.26              0.29
32                      0.27              0.12              0.42        1000              0.28              0.32              0.39
64                      0.31              0.15              0.47        1000              0.31              0.37              0.46
128                     0.32              0.17              0.47        1000              0.32              0.39              0.46
256                     0.36              0.20              0.53        1000              0.35              0.47              0.49
512                     0.38              0.19              0.57        1000              0.37              0.46              0.50
1024                    0.45              0.22              0.68        1000              0.43              0.49              0.51
2048                    0.59              0.24              0.94        1000              0.57              0.65              0.71
4096                    0.87              0.42              1.31        1000              0.84              1.02              1.06
8192                    1.43              0.68              2.17        1000              1.42              1.47              1.52
16384                   3.27              3.20              3.35         100              3.27              3.39              3.42
32768                   5.32              5.23              5.41         100              5.29              5.51              5.68
65536                   7.11              7.01              7.20         100              7.02              7.25              7.56
131072                 10.85             10.52             11.18         100             10.51             10.83             15.54
262144                 17.44             17.34             17.54         100             17.24             17.67             22.20
524288                 32.55             32.49             32.61         100             32.31             33.07             37.65
1048576                67.43             67.38             67.48         100             67.05             71.03             72.54

Procs: 4

Test: 1
# OSU MPI Broadcast Latency Test v7.3
# Datatype: MPI_CHAR.
# Size       Avg Latency(us)   Min Latency(us)   Max Latency(us)  Iterations  P50 Tail Lat(us)  P95 Tail Lat(us)  P99 Tail Lat(us)
1                       0.32              0.31              0.34        1000              0.26              0.63              0.71
2                       0.34              0.33              0.35        1000              0.28              0.57              0.64
4                       0.34              0.32              0.35        1000              0.27              0.56              0.62
8                       0.34              0.33              0.34        1000              0.28              0.51              0.61
16                      0.35              0.34              0.36        1000              0.28              0.56              0.69
32                      0.62              0.51              0.78        1000              0.57              1.08              1.30
64                      0.59              0.48              0.74        1000              0.58              0.88              1.03
128                     1.04              0.85              1.39        1000              1.02              1.29              1.45
256                     1.10              0.92              1.46        1000              1.08              1.37              1.54
512                     1.34              1.08              1.77        1000              1.31              1.64              1.84
1024                    1.58              1.29              2.11        1000              1.53              1.96              2.24
2048                    2.47              2.16              3.29        1000              2.47              2.82              3.01
4096                    3.49              3.06              4.55        1000              3.46              3.82              4.14
8192                    5.99              5.15              7.85        1000              5.95              6.34              6.56
16384                   8.25              6.60              9.38         100              7.88             11.63             16.03
32768                  11.89             11.26             12.95         100             11.57             15.05             17.48
65536                  19.06             17.94             20.64         100             19.02             23.37             25.66
131072                 35.12             33.32             37.35         100             34.37             41.61             43.75
262144                 65.57             62.33             69.03         100             62.78             79.73            101.75
524288                138.55            133.33            143.47         100            134.99            169.54            181.95
1048576               309.78            303.39            317.22         100            309.68            369.62            391.83

Test: 2
# OSU MPI Broadcast Latency Test v7.3
# Datatype: MPI_CHAR.
# Size       Avg Latency(us)   Min Latency(us)   Max Latency(us)  Iterations  P50 Tail Lat(us)  P95 Tail Lat(us)  P99 Tail Lat(us)
1                       0.31              0.30              0.32        1000              0.26              0.54              0.65
2                       0.35              0.34              0.36        1000              0.28              0.58              0.68
4                       0.33              0.32              0.33        1000              0.29              0.54              0.60
8                       0.33              0.32              0.34        1000              0.27              0.54              0.61
16                      0.33              0.32              0.34        1000              0.28              0.55              0.60
32                      0.60              0.50              0.72        1000              0.53              1.00              1.25
64                      0.52              0.45              0.62        1000              0.49              0.92              0.97
128                     1.04              0.87              1.38        1000              1.02              1.27              1.44
256                     1.11              0.91              1.49        1000              1.08              1.31              1.59
512                     1.36              1.09              1.82        1000              1.34              1.62              1.81
1024                    1.58              1.28              2.14        1000              1.53              1.86              2.07
2048                    2.47              2.17              3.34        1000              2.49              2.82              3.01
4096                    3.76              3.27              4.95        1000              3.73              4.12              4.33
8192                    5.68              4.84              7.44        1000              5.64              6.07              6.47
16384                   8.09              6.54              9.26         100              7.73             10.97             13.38
32768                  12.36             11.86             13.37         100             12.06             15.83             16.72
65536                  20.18             19.11             21.70         100             20.36             25.79             29.27
131072                 36.38             34.72             38.47         100             35.89             44.44             47.31
262144                 71.68             69.27             74.77         100             67.59             95.13            103.69
524288                147.62            141.11            153.64         100            144.02            186.66            211.26
1048576               329.69            323.34            336.43         100            327.41            380.97            394.68

Test: 3
# OSU MPI Broadcast Latency Test v7.3
# Datatype: MPI_CHAR.
# Size       Avg Latency(us)   Min Latency(us)   Max Latency(us)  Iterations  P50 Tail Lat(us)  P95 Tail Lat(us)  P99 Tail Lat(us)
1                       0.33              0.31              0.34        1000              0.28              0.53              0.65
2                       0.34              0.33              0.35        1000              0.27              0.55              0.63
4                       0.36              0.35              0.38        1000              0.31              0.56              0.63
8                       0.35              0.35              0.36        1000              0.27              0.56              0.62
16                      0.36              0.36              0.37        1000              0.33              0.54              0.61
32                      0.59              0.48              0.72        1000              0.54              1.03              1.19
64                      0.58              0.51              0.68        1000              0.57              0.88              0.98
128                     1.04              0.87              1.37        1000              1.02              1.27              1.42
256                     1.11              0.91              1.47        1000              1.10              1.34              1.52
512                     1.27              0.98              1.74        1000              1.25              1.56              1.79
1024                    1.58              1.29              2.12        1000              1.56              1.87              2.09
2048                    2.46              2.16              3.31        1000              2.47              2.79              2.90
4096                    3.49              3.04              4.55        1000              3.45              3.88              4.14
8192                    5.97              5.09              7.84        1000              5.96              6.24              6.52
16384                   8.51              7.02              9.67         100              8.19             11.55             13.23
32768                  12.01             11.48             13.21         100             11.49             15.07             18.75
65536                  20.74             19.41             22.31         100             20.92             25.52             28.89
131072                 35.91             34.64             38.20         100             34.12             44.97             49.40
262144                 73.36             71.72             76.11         100             69.72            100.10            104.87
524288                153.86            150.39            158.13         100            154.36            188.57            199.73
1048576               320.22            305.07            328.40         100            317.89            376.90            413.11

Test: 4
# OSU MPI Broadcast Latency Test v7.3
# Datatype: MPI_CHAR.
# Size       Avg Latency(us)   Min Latency(us)   Max Latency(us)  Iterations  P50 Tail Lat(us)  P95 Tail Lat(us)  P99 Tail Lat(us)
1                       0.33              0.32              0.35        1000              0.28              0.58              0.63
2                       0.36              0.35              0.37        1000              0.33              0.57              0.61
4                       0.35              0.34              0.36        1000              0.29              0.55              0.60
8                       0.35              0.35              0.36        1000              0.30              0.56              0.59
16                      0.34              0.33              0.34        1000              0.28              0.54              0.62
32                      0.61              0.51              0.70        1000              0.54              1.10              1.18
64                      0.53              0.45              0.65        1000              0.51              0.83              0.92
128                     1.09              0.93              1.43        1000              1.05              1.34              1.54
256                     1.13              0.95              1.49        1000              1.11              1.40              1.51
512                     1.38              1.12              1.82        1000              1.36              1.67              1.87
1024                    1.58              1.30              2.11        1000              1.56              1.87              2.14
2048                    2.44              2.15              3.26        1000              2.45              2.82              2.98
4096                    3.48              3.05              4.53        1000              3.45              3.85              4.14
8192                    5.92              5.02              7.80        1000              5.88              6.24              6.69
16384                   8.30              6.66              9.40         100              7.99             11.36             13.22
32768                  12.65             11.96             13.74         100             12.52             16.01             16.89
65536                  20.39             19.00             21.87         100             19.84             26.02             28.11
131072                 36.93             35.23             38.99         100             35.68             47.21             48.96
262144                 72.25             70.07             75.18         100             69.30             90.01            103.94
524288                153.58            148.64            158.47         100            154.12            184.93            207.29
1048576               327.76            315.89            335.24         100            328.73            384.66            401.33

Test: 5
# OSU MPI Broadcast Latency Test v7.3
# Datatype: MPI_CHAR.
# Size       Avg Latency(us)   Min Latency(us)   Max Latency(us)  Iterations  P50 Tail Lat(us)  P95 Tail Lat(us)  P99 Tail Lat(us)
1                       0.40              0.38              0.42        1000              0.43              0.62              0.66
2                       0.41              0.40              0.42        1000              0.44              0.60              0.68
4                       0.44              0.43              0.46        1000              0.46              0.60              0.64
8                       0.42              0.41              0.44        1000              0.45              0.58              0.63
16                      0.43              0.42              0.45        1000              0.46              0.56              0.61
32                      0.64              0.53              0.73        1000              0.58              1.10              1.28
64                      0.59              0.49              0.68        1000              0.57              0.89              0.97
128                     1.10              0.94              1.42        1000              1.06              1.35              1.49
256                     1.19              1.01              1.56        1000              1.16              1.45              1.66
512                     1.38              1.13              1.83        1000              1.34              1.63              1.83
1024                    1.68              1.40              2.19        1000              1.64              1.97              2.44
2048                    2.49              2.19              3.34        1000              2.48              2.88              3.05
4096                    3.54              3.11              4.59        1000              3.50              3.87              4.16
8192                    5.96              5.09              7.84        1000              5.95              6.29              6.47
16384                   8.29              6.90              9.45         100              8.04             11.74             13.38
32768                  12.23             11.31             13.27         100             11.78             16.12             18.82
65536                  19.09             18.30             20.64         100             18.96             23.58             24.51
131072                 35.44             33.93             37.62         100             34.46             45.56             49.73
262144                 68.45             65.66             72.01         100             65.01             87.40             98.55
524288                142.20            137.57            147.55         100            137.95            178.17            210.67
1048576               319.03            311.40            326.16         100            320.88            360.29            384.20

Procs: 6

Test: 1
# OSU MPI Broadcast Latency Test v7.3
# Datatype: MPI_CHAR.
# Size       Avg Latency(us)   Min Latency(us)   Max Latency(us)  Iterations  P50 Tail Lat(us)  P95 Tail Lat(us)  P99 Tail Lat(us)
1                       0.69              0.50              1.20        1000              0.65              0.89              0.98
2                       0.74              0.53              1.25        1000              0.69              0.93              1.01
4                       0.70              0.52              1.20        1000              0.68              0.91              0.97
8                       0.71              0.53              1.22        1000              0.70              0.92              0.98
16                      0.69              0.51              1.20        1000              0.69              0.89              0.99
32                      1.10              0.79              1.91        1000              1.05              1.52              1.64
64                      1.08              0.78              1.77        1000              0.99              1.50              1.64
128                     1.75              1.45              2.43        1000              1.72              1.98              2.13
256                     1.84              1.52              2.53        1000              1.79              2.12              2.32
512                     2.09              1.66              2.92        1000              2.04              2.42              2.68
1024                    2.58              2.16              3.34        1000              2.52              3.07              3.31
2048                    3.64              2.88              4.46        1000              3.61              4.03              4.36
4096                    5.13              4.12              6.34        1000              5.09              5.58              5.83
8192                    8.49              6.88             10.55        1000              8.45              8.87              9.66
16384                  11.54              7.94             16.10         100             10.98             14.83             17.80
32768                  20.22             14.05             27.67         100             19.68             25.62             27.13
65536                  38.30             27.47             51.77         100             38.36             45.66             46.87
131072                 78.76             55.82            105.74         100             77.78             86.55             98.17
262144                149.70            112.67            201.66         100            149.68            160.48            164.46
524288                307.25            227.53            417.36         100            306.77            322.19            332.45
1048576               537.27            389.77            734.97         100            546.13            587.88            615.34

Test: 2
# OSU MPI Broadcast Latency Test v7.3
# Datatype: MPI_CHAR.
# Size       Avg Latency(us)   Min Latency(us)   Max Latency(us)  Iterations  P50 Tail Lat(us)  P95 Tail Lat(us)  P99 Tail Lat(us)
1                       0.70              0.51              1.19        1000              0.69              0.88              0.99
2                       0.72              0.53              1.23        1000              0.72              0.86              0.97
4                       0.73              0.53              1.24        1000              0.70              0.83              0.92
8                       0.71              0.53              1.20        1000              0.71              0.89              0.97
16                      0.70              0.52              1.20        1000              0.71              0.82              0.90
32                      1.15              0.78              2.25        1000              1.06              1.54              1.91
64                      0.99              0.69              1.66        1000              0.90              1.47              1.60
128                     1.75              1.45              2.42        1000              1.69              2.01              2.17
256                     1.82              1.52              2.49        1000              1.78              2.05              2.37
512                     2.14              1.73              2.92        1000              2.09              2.46              2.72
1024                    2.61              2.20              3.35        1000              2.53              3.06              3.28
2048                    3.63              2.83              4.48        1000              3.61              4.00              4.39
4096                    5.06              4.04              6.20        1000              5.05              5.38              5.66
8192                    8.39              6.82             10.41        1000              8.36              8.74              9.32
16384                  11.53              7.84             15.76         100             11.22             15.09             18.56
32768                  20.03             13.50             26.96         100             19.69             25.73             26.33
65536                  38.09             27.75             50.30         100             37.49             45.49             51.84
131072                 76.01             56.20            102.33         100             76.13             84.36             86.63
262144                154.29            113.51            208.15         100            154.22            166.21            168.10
524288                315.25            238.68            420.90         100            314.66            333.93            338.43
1048576               524.69            382.20            723.41         100            527.12            602.44            694.27

Test: 3
# OSU MPI Broadcast Latency Test v7.3
# Datatype: MPI_CHAR.
# Size       Avg Latency(us)   Min Latency(us)   Max Latency(us)  Iterations  P50 Tail Lat(us)  P95 Tail Lat(us)  P99 Tail Lat(us)
1                       0.72              0.52              1.22        1000              0.70              0.91              0.97
2                       0.74              0.53              1.27        1000              0.72              0.91              1.03
4                       0.73              0.52              1.26        1000              0.71              0.87              1.00
8                       0.75              0.56              1.25        1000              0.74              0.96              1.09
16                      0.71              0.50              1.25        1000              0.70              0.84              0.93
32                      1.14              0.85              1.88        1000              1.13              1.49              1.84
64                      1.06              0.77              1.70        1000              1.02              1.47              1.56
128                     1.77              1.47              2.44        1000              1.72              1.99              2.24
256                     1.85              1.54              2.56        1000              1.79              2.20              2.44
512                     2.09              1.68              2.90        1000              2.05              2.38              2.61
1024                    2.60              2.18              3.34        1000              2.51              3.07              3.35
2048                    3.63              2.89              4.46        1000              3.60              4.05              4.29
4096                    5.23              4.17              6.51        1000              5.20              5.57              5.79
8192                    8.11              6.64              9.94        1000              8.05              8.51             10.14
16384                  12.01              7.58             16.67         100             11.33             15.66             17.14
32768                  20.42             12.49             27.83         100             20.21             26.75             27.62
65536                  39.45             26.05             53.45         100             39.27             45.62             49.81
131072                 77.66             54.85            104.82         100             77.84             86.04             88.33
262144                155.89            112.67            211.38         100            155.79            168.46            173.98
524288                314.63            233.51            424.88         100            314.55            331.32            336.30
1048576               528.99            374.16            727.46         100            541.20            582.89            590.79

Test: 4
# OSU MPI Broadcast Latency Test v7.3
# Datatype: MPI_CHAR.
# Size       Avg Latency(us)   Min Latency(us)   Max Latency(us)  Iterations  P50 Tail Lat(us)  P95 Tail Lat(us)  P99 Tail Lat(us)
1                       0.71              0.51              1.20        1000              0.71              0.88              0.97
2                       0.73              0.53              1.23        1000              0.72              0.87              1.00
4                       0.75              0.56              1.27        1000              0.72              0.83              0.92
8                       0.71              0.51              1.21        1000              0.71              0.82              0.94
16                      0.70              0.51              1.20        1000              0.71              0.82              0.91
32                      0.99              0.67              1.65        1000              0.93              1.38              1.63
64                      0.98              0.67              1.61        1000              0.91              1.40              1.53
128                     1.75              1.45              2.37        1000              1.71              1.97              2.13
256                     1.84              1.54              2.48        1000              1.79              2.10              2.42
512                     2.08              1.68              2.86        1000              2.01              2.41              2.75
1024                    2.60              2.17              3.34        1000              2.53              3.06              3.37
2048                    3.63              2.87              4.45        1000              3.61              4.03              4.57
4096                    5.05              4.09              6.15        1000              5.04              5.38              5.61
8192                    8.50              6.94             10.50        1000              8.47              8.89              9.16
16384                  11.64              7.88             16.20         100             11.40             14.52             17.46
32768                  19.81             13.44             26.91         100             19.12             24.76             26.48
65536                  36.85             24.32             49.92         100             37.42             42.11             45.15
131072                 76.67             55.74            103.53         100             77.06             84.33             87.55
262144                155.33            110.19            212.18         100            155.85            164.26            167.65
524288                271.89            182.45            374.64         100            272.09            303.26            310.80
1048576               462.34            302.61            656.30         100            443.71            553.47            564.82

Test: 5
# OSU MPI Broadcast Latency Test v7.3
# Datatype: MPI_CHAR.
# Size       Avg Latency(us)   Min Latency(us)   Max Latency(us)  Iterations  P50 Tail Lat(us)  P95 Tail Lat(us)  P99 Tail Lat(us)
1                       0.78              0.53              1.27        1000              0.70              0.89              0.99
2                       0.72              0.53              1.22        1000              0.71              0.86              0.96
4                       0.73              0.53              1.25        1000              0.71              0.87              0.94
8                       0.72              0.53              1.22        1000              0.72              0.88              1.01
16                      0.71              0.53              1.20        1000              0.72              0.84              0.91
32                      1.08              0.77              1.80        1000              1.04              1.47              1.64
64                      1.11              0.83              1.77        1000              1.04              1.47              1.56
128                     1.78              1.47              2.48        1000              1.72              2.00              2.15
256                     1.84              1.52              2.51        1000              1.80              2.05              2.27
512                     2.11              1.71              2.89        1000              2.06              2.39              2.59
1024                    2.59              2.17              3.34        1000              2.54              3.02              3.42
2048                    3.65              2.89              4.50        1000              3.62              4.08              4.33
4096                    5.35              4.34              6.65        1000              5.32              5.69              5.99
8192                    8.11              6.64              9.95        1000              8.07              8.48              8.85
16384                  11.98              8.66             16.22         100             11.76             16.27             17.69
32768                  19.72             12.49             27.47         100             19.07             25.16             26.59
65536                  37.28             26.02             51.31         100             37.81             42.20             44.02
131072                 73.68             53.35            100.38         100             74.16             81.92             83.65
262144                147.94            105.32            203.90         100            147.09            158.15            163.35
524288                292.92            216.70            398.50         100            292.94            314.96            324.05
1048576               514.17            380.40            709.68         100            524.38            551.56            581.58

Procs: 8

Test: 1
# OSU MPI Broadcast Latency Test v7.3
# Datatype: MPI_CHAR.
# Size       Avg Latency(us)   Min Latency(us)   Max Latency(us)  Iterations  P50 Tail Lat(us)  P95 Tail Lat(us)  P99 Tail Lat(us)
1                    1545.98              0.93           2421.82        1000              1.33           4000.33           4030.61
2                    2126.73              0.87           3567.34        1000           3499.48           4000.74           4002.30
4                    2023.84              0.90           3001.45        1000           3499.04           4000.80           4249.47
8                    1455.07              0.89           2260.79        1000              1.29           4000.36           4002.13
16                   2297.39              0.88           3201.35        1000           3500.02           4000.73           4004.80
32                   2531.45              1.01           4118.36        1000           3500.47           4001.21           4510.97
64                   1316.13              0.97           2293.08        1000              1.46           4000.00           4001.74
128                  2166.14              2.61           3523.48        1000           3500.85           4001.98           4361.23
256                  1953.65              2.62           2943.99        1000           3499.97           4001.87           4252.29
512                  1581.52              2.68           2748.08        1000              3.10           4001.70           4002.81
1024                 2063.74              3.37           3239.60        1000           3501.32           4002.44           4005.70
2048                 1272.69              4.75           1933.30        1000              4.93           4003.16           4004.54
4096                 2068.23              6.76           3185.89        1000           3503.77           4004.95           4362.77
8192                 2308.57             10.39           3780.69        1000           3507.13           4008.06           4119.33
16384                3826.93             11.09           6712.00         100           3507.04           4505.59           4507.04
32768                3142.91             18.43           6275.21         100           3012.12           3512.51           3514.67
65536                3935.54             33.42           6906.49         100           4518.05           4520.79           4521.52
131072               3064.91             63.29           6855.19         100           2791.46           4536.89           4542.55
262144               3425.11            122.07           7648.17         100           3066.98           4576.91           4579.22
524288               3042.20            158.20           6967.79         100           3122.20           3668.54           3672.28
1048576              4171.79            432.72           7108.49         100           4753.12           4782.98           4796.02

Test: 2
# OSU MPI Broadcast Latency Test v7.3
# Datatype: MPI_CHAR.
# Size       Avg Latency(us)   Min Latency(us)   Max Latency(us)  Iterations  P50 Tail Lat(us)  P95 Tail Lat(us)  P99 Tail Lat(us)
1                    2503.53              1.00           4089.41        1000           3500.12           4001.01           4110.67
2                    2134.85              0.92           3877.47        1000           3499.55           4000.85           4002.39
4                    1693.82              0.94           2761.65        1000              1.34           4000.70           4251.63
8                    2155.48              0.98           3615.28        1000           3499.54           4001.01           4234.14
16                   1944.63              0.94           2923.55        1000           3498.53           4000.64           4003.18
32                   1203.43              0.98           1963.79        1000              1.47           3999.74           4002.01
64                   2176.23              1.09           3531.71        1000           3499.83           4000.71           4113.42
128                  1779.43              2.63           2868.86        1000              3.07           4001.99           4016.10
256                  1627.68              2.63           2491.02        1000              2.76           4001.84           4012.55
512                  1946.06              2.71           3416.81        1000           3499.94           4001.82           4019.20
1024                 1523.13              3.40           2478.04        1000              3.77           4002.17           4004.74
2048                 1997.11              5.06           3033.81        1000           3501.57           4003.45           4018.37
4096                 2228.19              6.91           3437.84        1000           3504.26           4005.17           4006.88
8192                 2266.07             10.69           3649.05        1000           3507.15           4008.20           4132.66
16384                2888.54             11.24           5832.40         100           3005.60           4505.89           4510.63
32768                1908.10             18.83           5175.36         100           3007.42           3496.60           4508.40
65536                3238.09             34.08           6381.95         100           3019.27           4519.41           4520.24
131072               1314.37             63.82           3146.88         100            561.27           4538.74           4540.04
262144               3322.31            123.18           6087.13         100           3346.73           3586.79           4578.32
524288               2447.76            236.92           5277.31         100           3117.81           4651.70           4655.63
1048576              3533.88            420.49           7112.54         100           3242.00           4759.99           4777.11

Test: 3
# OSU MPI Broadcast Latency Test v7.3
# Datatype: MPI_CHAR.
# Size       Avg Latency(us)   Min Latency(us)   Max Latency(us)  Iterations  P50 Tail Lat(us)  P95 Tail Lat(us)  P99 Tail Lat(us)
1                    1809.18              0.96           2541.90        1000              1.87           4000.67           4066.56
2                    1960.28              0.97           3087.31        1000           3497.76           4000.82           4367.49
4                    2001.99              0.93           3520.24        1000           3499.14           4000.57           4001.92
8                    1877.35              0.91           3039.37        1000              2.00           4000.72           4004.73
16                   2611.58              0.95           4407.14        1000           3499.97           4000.82           4077.82
32                   1952.19              1.05           3107.65        1000           3498.25           4000.62           4003.02
64                   1789.98              1.08           3152.62        1000              2.23           4000.69           4003.20
128                  1781.76              2.63           2843.83        1000              3.30           4001.60           4003.84
256                  2360.60              2.67           3987.19        1000           3501.16           4002.21           4253.57
512                  2040.73              2.77           3044.78        1000           3500.39           4001.93           4253.49
1024                 1997.98              3.41           3221.57        1000           3500.28           4002.90           4502.19
2048                 1942.71              4.93           3103.58        1000           3501.10           4003.65           4009.73
4096                 2130.97              6.78           3521.92        1000           3503.87           4004.84           4879.61
8192                 1985.15             10.49           2979.89        1000           3505.75           4007.95           4250.26
16384                1721.46             10.66           4086.65         100           2507.35           3006.56           3241.63
32768                 742.98             18.54           2263.10         100            518.49           2514.15           2518.10
65536                1759.35             35.02           4423.48         100            533.14           4519.63           4525.51
131072               1290.93             52.97           3622.73         100            561.07           3034.72           3035.70
262144               1795.13            116.53           4153.43         100           2593.62           3067.23           3069.32
524288               2275.16            237.96           5045.01         100            735.67           4655.32           4660.46
1048576               900.17            196.76           2302.44         100            901.34            916.67            922.02

Test: 4
# OSU MPI Broadcast Latency Test v7.3
# Datatype: MPI_CHAR.
# Size       Avg Latency(us)   Min Latency(us)   Max Latency(us)  Iterations  P50 Tail Lat(us)  P95 Tail Lat(us)  P99 Tail Lat(us)
1                    1959.08              0.97           3210.09        1000           3498.61           4000.94           4376.22
2                    1584.11              0.90           2694.47        1000              1.37           4000.39           4007.44
4                    1728.09              0.95           2497.32        1000              1.42           4000.80           4237.65
8                    1414.13              0.91           2427.73        1000              1.28           4000.49           4001.77
16                   2144.19              0.93           3273.82        1000           3499.58           4000.95           4003.19
32                   1933.51              1.05           3075.80        1000           3497.97           4000.76           4005.63
64                   2251.64              1.03           3857.50        1000           3499.93           4000.74           4870.08
128                  1593.92              2.59           2604.59        1000              2.86           4001.80           4005.29
256                  1816.81              2.66           2669.24        1000              3.03           4002.02           4876.54
512                  2884.25              2.90           4529.69        1000           3502.22           4002.38           4876.58
1024                 2158.00              3.44           3141.64        1000           3501.61           4002.58           4360.65
2048                 1514.13              4.95           2392.31        1000              5.16           4003.28           4004.61
4096                 2379.16              6.78           3727.08        1000           3504.42           4005.26           4238.71
8192                 1816.80             10.40           2967.38        1000             10.82           4007.68           4242.78
16384                3254.68             11.40           6889.92         100           3007.94           4505.64           4506.91
32768                2898.71             18.95           6883.59         100           3005.60           3512.02           3515.09
65536                1763.72             33.91           4164.65         100            533.41           4518.17           4519.28
131072               2843.27             65.10           6452.42         100           3034.98           4538.73           4540.24
262144               3284.15            123.55           6099.70         100           3072.30           3586.72           3716.59
524288               1021.44            212.37           2900.21         100            731.11           3131.29           3134.01
1048576              2103.82            391.53           4244.43         100           2807.83           3769.60           3804.40

Test: 5
# OSU MPI Broadcast Latency Test v7.3
# Datatype: MPI_CHAR.
# Size       Avg Latency(us)   Min Latency(us)   Max Latency(us)  Iterations  P50 Tail Lat(us)  P95 Tail Lat(us)  P99 Tail Lat(us)
1                    1975.91              1.00           2742.80        1000           3498.62           4000.92           4005.91
2                    1405.24              0.90           2342.88        1000              1.25           4000.25           4001.51
4                    1948.18              0.93           2935.28        1000           3498.26           4000.68           4001.91
8                    2172.08              0.96           4099.09        1000           3499.67           4000.47           4119.17
16                   1848.42              0.93           2729.60        1000              1.95           4000.87           4002.35
32                   2146.67              1.00           3409.41        1000           3499.82           4000.86           4125.96
64                   1271.08              1.08           1980.19        1000              1.52           4000.17           4229.39
128                  2651.06              2.67           4382.50        1000           3501.71           4002.52           4252.55
256                  1430.90              2.59           2281.20        1000              2.75           4001.60           4003.12
512                  1935.65              2.71           3201.09        1000           3499.58           4002.03           4116.31
1024                 2063.21              3.37           3541.21        1000           3501.06           4002.55           4008.19
2048                 1332.25              4.86           2394.57        1000              5.04           4002.81           4004.13
4096                 1971.34              6.80           2951.15        1000           3502.99           4004.90           4006.34
8192                 2774.42             10.64           4550.42        1000           3508.31           4008.54           4369.82
16384                1697.78             10.61           4044.94         100           2506.85           3006.72           3509.44
32768                2960.37             18.53           6197.32         100           3010.06           3512.06           3639.14
65536                1814.80             33.85           3746.00         100           2523.31           3522.00           3652.53
131072               1691.36             59.93           4096.34         100           2054.34           3035.07           3037.36
262144               3023.85            122.15           6281.53         100           3065.69           3585.16           3714.84
524288               2216.85            236.08           5145.55         100           2686.23           3130.86           3397.85
1048576              3193.98            408.91           6960.08         100           3218.25           3801.20           4753.30
