
Algorithm: 1

Procs: 2

Test: 1
# OSU MPI Reduce Latency Test v7.3
# Datatype: MPI_CHAR.
# Size       Avg Latency(us)
1                       0.17
2                       0.21
4                       0.17
8                       0.19
16                      0.16
32                      0.21
64                      0.22
128                     0.29
256                     0.30
512                     0.33
1024                    0.37
2048                    0.51
4096                    0.76
8192                    1.23
16384                   3.21
32768                   4.28
65536                   7.41
131072                 13.82
262144                 19.51
524288                 51.06
1048576               124.56

Test: 2
# OSU MPI Reduce Latency Test v7.3
# Datatype: MPI_CHAR.
# Size       Avg Latency(us)
1                       0.20
2                       0.20
4                       0.22
8                       0.21
16                      0.22
32                      0.24
64                      0.24
128                     0.33
256                     0.32
512                     0.35
1024                    0.40
2048                    0.53
4096                    0.79
8192                    1.25
16384                   3.29
32768                   4.09
65536                   7.40
131072                 13.87
262144                 19.68
524288                 50.68
1048576               124.49

Test: 3
# OSU MPI Reduce Latency Test v7.3
# Datatype: MPI_CHAR.
# Size       Avg Latency(us)
1                       0.17
2                       0.21
4                       0.18
8                       0.20
16                      0.16
32                      0.21
64                      0.22
128                     0.28
256                     0.28
512                     0.31
1024                    0.35
2048                    0.48
4096                    0.75
8192                    1.20
16384                   3.29
32768                   4.07
65536                   7.39
131072                 13.83
262144                 19.46
524288                 50.67
1048576               124.65

Test: 4
# OSU MPI Reduce Latency Test v7.3
# Datatype: MPI_CHAR.
# Size       Avg Latency(us)
1                       0.17
2                       0.17
4                       0.22
8                       0.17
16                      0.18
32                      0.22
64                      0.21
128                     0.28
256                     0.29
512                     0.31
1024                    0.37
2048                    0.50
4096                    0.76
8192                    1.40
16384                   3.24
32768                   4.05
65536                   7.37
131072                 13.79
262144                 19.08
524288                 50.88
1048576               124.43

Test: 5
# OSU MPI Reduce Latency Test v7.3
# Datatype: MPI_CHAR.
# Size       Avg Latency(us)
1                       0.17
2                       0.18
4                       0.17
8                       0.18
16                      0.17
32                      0.21
64                      0.22
128                     0.28
256                     0.29
512                     0.32
1024                    0.36
2048                    0.49
4096                    0.76
8192                    1.23
16384                   3.27
32768                   4.13
65536                   7.36
131072                 13.86
262144                 18.87
524288                 50.58
1048576               124.95


Procs: 4

Test: 1
# OSU MPI Reduce Latency Test v7.3
# Datatype: MPI_CHAR.
# Size       Avg Latency(us)
1                       0.55
2                       0.54
4                       0.54
8                       0.54
16                      0.54
32                      0.61
64                      0.56
128                     0.86
256                     0.87
512                     0.93
1024                    1.05
2048                    1.38
4096                    1.94
8192                    3.10
16384                   6.30
32768                  11.82
65536                  22.04
131072                 40.98
262144                 63.37
524288                141.30
1048576               320.25

Test: 2
# OSU MPI Reduce Latency Test v7.3
# Datatype: MPI_CHAR.
# Size       Avg Latency(us)
1                       0.58
2                       0.58
4                       0.58
8                       0.58
16                      0.56
32                      0.63
64                      0.59
128                     0.87
256                     0.87
512                     0.95
1024                    1.07
2048                    1.41
4096                    1.95
8192                    3.13
16384                   6.28
32768                  11.80
65536                  22.01
131072                 41.27
262144                 62.89
524288                141.97
1048576               315.86

Test: 3
# OSU MPI Reduce Latency Test v7.3
# Datatype: MPI_CHAR.
# Size       Avg Latency(us)
1                       0.59
2                       0.54
4                       0.55
8                       0.57
16                      0.55
32                      0.56
64                      0.60
128                     0.84
256                     0.87
512                     0.95
1024                    1.09
2048                    1.41
4096                    1.96
8192                    3.13
16384                   6.30
32768                  11.83
65536                  22.08
131072                 41.45
262144                 63.01
524288                142.60
1048576               316.35

Test: 4
# Size       Avg Latency(us)
1                       0.65
2                       0.64
4                       0.63
8                       0.63
16                      0.61
32                      0.64
64                      0.62
128                     0.90
256                     0.90
512                     0.99
1024                    1.09
2048                    1.42
4096                    1.98
8192                    3.19
16384                   6.42
32768                  11.86
65536                  22.44
131072                 41.79
262144                 64.73
524288                143.18
1048576               316.59

Test: 5
# Size       Avg Latency(us)
1                       0.59
2                       0.58
4                       0.58
8                       0.58
16                      0.57
32                      0.64
64                      0.60
128                     0.86
256                     0.88
512                     0.94
1024                    1.06
2048                    1.41
4096                    1.95
8192                    3.16
16384                   6.24
32768                  12.07
65536                  22.67
131072                 41.53
262144                 63.34
524288                141.72
1048576               318.86

Procs:6

Test: 1
# Size       Avg Latency(us)
1                       0.71
2                       0.70
4                       0.69
8                       0.68
16                      0.66
32                      0.70
64                      0.68
128                     0.93
256                     0.95
512                     0.98
1024                    1.08
2048                    1.35
4096                    1.84
8192                    2.87
16384                   5.94
32768                  10.94
65536                  20.23
131072                 37.19
262144                 101.68
524288                 240.90
1048576                561.71

Test: 2
# Size       Avg Latency(us)
1                       0.76
2                       0.75
4                       0.70
8                       0.71
16                      0.67
32                      0.70
64                      0.68
128                     0.94
256                     0.93
512                     0.96
1024                    1.06
2048                    1.31
4096                    1.80
8192                    2.83
16384                   5.84
32768                  10.83
65536                  20.19
131072                 37.07
262144                 97.77
524288                232.66
1048576               543.58

Test: 3
# Size       Avg Latency(us)
1                       0.64
2                       0.62
4                       0.64
8                       0.62
16                      0.63
32                      0.67
64                      0.63
128                     0.89
256                     0.88
512                     0.92
1024                    1.04
2048                    1.31
4096                    1.80
8192                    2.83
16384                   5.73
32768                  10.77
65536                  19.90
131072                 36.85
262144                 98.23
524288                231.33
1048576               536.58

Test: 4
# OSU MPI Reduce Latency Test v7.3
# Datatype: MPI_CHAR.
# Size       Avg Latency(us)
1                       0.72
2                       0.71
4                       0.71
8                       0.70
16                      0.68
32                      0.72
64                      0.69
128                     0.92
256                     0.90
512                     0.92
1024                    1.04
2048                    1.29
4096                    1.80
8192                    2.81
16384                   5.83
32768                  10.92
65536                  20.30
131072                 37.52
262144                 99.17
524288                236.04
1048576               552.75

Test: 5
# OSU MPI Reduce Latency Test v7.3
# Datatype: MPI_CHAR.
# Size       Avg Latency(us)
1                       0.71
2                       0.68
4                       0.70
8                       0.70
16                      0.68
32                      0.73
64                      0.68
128                     0.93
256                     0.91
512                     0.94
1024                    1.04
2048                    1.31
4096                    1.81
8192                    2.87
16384                   5.90
32768                  10.96
65536                  20.37
131072                 37.63
262144                101.52
524288                239.40
1048576               543.24

Procs: 8

Test: 1
# OSU MPI Reduce Latency Test v7.3
# Datatype: MPI_CHAR.
# Size       Avg Latency(us)
1                       0.66
2                       0.61
4                       0.60
8                       0.60
16                      0.59
32                      0.67
64                      0.62
128                     0.95
256                     0.95
512                     1.01
1024                    1.16
2048                    1.45
4096                    2.03
8192                    3.26
16384                   6.85
32768                  12.97
65536                  24.14
131072                 47.58
262144                 133.52
524288                 315.96
1048576                771.27

Test: 2
# OSU MPI Reduce Latency Test v7.3
# Datatype: MPI_CHAR.
# Size       Avg Latency(us)
1                       0.64
2                       0.64
4                       0.62
8                       0.64
16                      0.64
32                      0.69
64                      0.66
128                     1.00
256                     1.01
512                     1.05
1024                    1.19
2048                    1.47
4096                    2.06
8192                    3.24
16384                   6.74
32768                  12.80
65536                  23.84
131072                 47.75
262144                 138.84
524288                 334.42
1048576                792.90

Test: 3
# OSU MPI Reduce Latency Test v7.3
# Datatype: MPI_CHAR.
# Size       Avg Latency(us)
1                       0.75
2                       0.75
4                       0.75
8                       0.74
16                      0.71
32                      0.77
64                      0.73
128                     1.07
256                     1.06
512                     1.09
1024                    1.23
2048                    1.49
4096                    2.10
8192                    3.32
16384                   6.84
32768                  12.88
65536                  24.15
131072                 48.21
262144                 134.53
524288                 318.21
1048576                765.19

Test: 4
# OSU MPI Reduce Latency Test v7.3
# Datatype: MPI_CHAR.
# Size       Avg Latency(us)
1                       0.71
2                       0.71
4                       0.72
8                       0.71
16                      0.69
32                      0.76
64                      0.72
128                     1.04
256                     1.01
512                     1.06
1024                    1.20
2048                    1.46
4096                    2.05
8192                    3.31
16384                   6.85
32768                  12.97
65536                  24.15
131072                 47.62
262144                 133.22
524288                 316.49
1048576                778.04

Test: 5
# OSU MPI Reduce Latency Test v7.3
# Datatype: MPI_CHAR.
# Size       Avg Latency(us)
1                       0.75
2                       0.74
4                       0.73
8                       0.70
16                      0.69
32                      0.74
64                      0.71
128                     1.02
256                     1.01
512                     1.04
1024                    1.19
2048                    1.45
4096                    2.05
8192                    3.27
16384                   6.82
32768                  12.88
65536                  23.94
131072                 47.57
262144                 140.06
524288                 328.23
1048576                809.52

Procs: 10

Test: 1
# OSU MPI Reduce Latency Test v7.3
# Datatype: MPI_CHAR.
# Size       Avg Latency(us)
1                       0.67
2                       0.66
4                       0.64
8                       0.61
16                      0.61
32                      0.67
64                      0.65
128                     0.84
256                     0.82
512                     0.83
1024                    0.94
2048                    1.13
4096                    1.62
8192                    2.75
16384                   6.29
32768                  12.53
65536                  23.19
131072                 45.88
262144                167.34
524288                410.27
1048576              1011.79

Test: 2
# OSU MPI Reduce Latency Test v7.3
# Datatype: MPI_CHAR.
# Size       Avg Latency(us)
1                       0.63
2                       0.62
4                       0.63
8                       0.61
16                      0.63
32                      0.65
64                      0.64
128                     0.90
256                     0.90
512                     0.90
1024                    1.00
2048                    1.19
4096                    1.67
8192                    2.79
16384                   6.41
32768                  12.55
65536                  23.23
131072                 45.48
262144                162.06
524288                392.59
1048576               989.91

Test: 3
# OSU MPI Reduce Latency Test v7.3
# Datatype: MPI_CHAR.
# Size       Avg Latency(us)
1                       0.72
2                       0.71
4                       0.73
8                       0.69
16                      0.69
32                      0.71
64                      0.67
128                     0.92
256                     0.90
512                     0.90
1024                    0.99
2048                    1.17
4096                    1.64
8192                    2.74
16384                   6.28
32768                  12.56
65536                  23.32
131072                 44.91
262144                158.50
524288                399.86
1048576               980.76

Test: 4
# OSU MPI Reduce Latency Test v7.3
# Datatype: MPI_CHAR.
# Size       Avg Latency(us)
1                       0.62
2                       0.63
4                       0.62
8                       0.62
16                      0.60
32                      0.64
64                      0.62
128                     0.86
256                     0.85
512                     0.87
1024                    0.98
2048                    1.18
4096                    1.67
8192                    2.74
16384                   6.33
32768                  12.42
65536                  22.96
131072                 45.23
262144                165.97
524288                403.55
1048576              1012.90

Test: 5
# OSU MPI Reduce Latency Test v7.3
# Datatype: MPI_CHAR.
# Size       Avg Latency(us)
1                       0.69
2                       0.68
4                       0.68
8                       0.66
16                      0.64
32                      0.66
64                      0.65
128                     0.87
256                     0.85
512                     0.86
1024                    0.97
2048                    1.16
4096                    1.64
8192                    2.76
16384                   6.40
32768                  12.52
65536                  23.19
131072                 44.82
262144                158.20
524288                392.28
1048576               993.85

Procs: 12

Test: 1
# OSU MPI Reduce Latency Test v7.3
# Datatype: MPI_CHAR.
# Size       Avg Latency(us)
1                       0.70
2                       0.65
4                       0.65
8                       0.66
16                      0.62
32                      0.72
64                      0.69
128                     0.96
256                     1.00
512                     1.01
1024                    1.14
2048                    1.40
4096                    1.93
8192                    3.11
16384                   7.19
32768                  13.98
65536                  27.69
131072                 57.50
262144                207.89
524288                498.71
1048576              1270.99

Test: 2
# OSU MPI Reduce Latency Test v7.3
# Datatype: MPI_CHAR.
# Size       Avg Latency(us)
1                       0.81
2                       0.75
4                       0.76
8                       0.78
16                      0.75
32                      0.79
64                      0.77
128                     1.05
256                     1.06
512                     1.03
1024                    1.17
2048                    1.43
4096                    1.94
8192                    3.13
16384                   7.07
32768                  14.17
65536                  27.83
131072                 57.93
262144                206.32
524288                482.90
1048576              1230.00

Test: 3
# OSU MPI Reduce Latency Test v7.3
# Datatype: MPI_CHAR.
# Size       Avg Latency(us)
1                       0.77
2                       0.72
4                       0.74
8                       0.77
16                      0.75
32                      0.78
64                      0.77
128                     1.04
256                     1.05
512                     1.06
1024                    1.18
2048                    1.43
4096                    1.94
8192                    3.17
16384                   7.19
32768                  14.10
65536                  28.00
131072                 58.56
262144                207.18
524288                497.27
1048576              1269.43

Test: 4
# OSU MPI Reduce Latency Test v7.3
# Datatype: MPI_CHAR.
# Size       Avg Latency(us)
1                       0.77
2                       0.72
4                       0.73
8                       0.72
16                      0.68
32                      0.78
64                      0.73
128                     0.96
256                     0.99
512                     0.97
1024                    1.11
2048                    1.37
4096                    1.88
8192                    3.10
16384                   7.02
32768                  13.88
65536                  27.49
131072                 56.44
262144                204.48
524288                490.11
1048576              1230.94

Test: 5
# OSU MPI Reduce Latency Test v7.3
# Datatype: MPI_CHAR.
# Size       Avg Latency(us)
1                       0.81
2                       0.77
4                       0.77
8                       0.77
16                      0.72
32                      0.77
64                      0.74
128                     1.00
256                     1.02
512                     1.01
1024                    1.15
2048                    1.40
4096                    1.89
8192                    3.14
16384                   7.20
32768                  14.22
65536                  27.76
131072                 57.19
262144                217.66
524288                509.68
1048576              1273.96

Procs: 14

Test: 1
# OSU MPI Reduce Latency Test v7.3
# Datatype: MPI_CHAR.
# Size       Avg Latency(us)
1                       0.97
2                       0.98
4                       0.97
8                       0.97
16                      0.97
32                      1.06
64                      1.04
128                     1.28
256                     1.25
512                     1.29
1024                    1.40
2048                    1.66
4096                    2.24
8192                    3.45
16384                   7.58
32768                  14.63
65536                  28.39
131072                 56.80
262144                233.74
524288                565.94
1048576              1455.10

Test: 2
# OSU MPI Reduce Latency Test v7.3
# Datatype: MPI_CHAR.
# Size       Avg Latency(us)
1                       1.00
2                       0.99
4                       0.99
8                       0.97
16                      0.98
32                      1.00
64                      0.97
128                     1.30
256                     1.25
512                     1.29
1024                    1.41
2048                    1.66
4096                    2.26
8192                    3.45
16384                   7.68
32768                  14.63
65536                  28.05
131072                 54.83
262144                235.12
524288                568.10
1048576              1449.09

Test: 3
# OSU MPI Reduce Latency Test v7.3
# Datatype: MPI_CHAR.
# Size       Avg Latency(us)
1                       1.10
2                       1.06
4                       1.05
8                       1.05
16                      1.04
32                      1.07
64                      1.06
128                     1.30
256                     1.26
512                     1.29
1024                    1.39
2048                    1.61
4096                    2.21
8192                    3.43
16384                   7.55
32768                  14.64
65536                  28.33
131072                 55.86
262144                240.79
524288                594.29
1048576              1497.01

Test: 4
# OSU MPI Reduce Latency Test v7.3
# Datatype: MPI_CHAR.
# Size       Avg Latency(us)
1                       1.41
2                       1.37
4                       1.30
8                       1.25
16                      1.21
32                      1.27
64                      1.20
128                     1.41
256                     1.34
512                     1.33
1024                    1.41
2048                    1.64
4096                    2.18
8192                    3.42
16384                   7.62
32768                  14.52
65536                  28.50
131072                 55.56
262144                234.50
524288                582.37
1048576              1476.13

Test: 5
# OSU MPI Reduce Latency Test v7.3
# Datatype: MPI_CHAR.
# Size       Avg Latency(us)
1                       0.99
2                       0.99
4                       0.99
8                       1.00
16                      1.02
32                      1.01
64                      1.03
128                     1.29
256                     1.28
512                     1.29
1024                    1.42
2048                    1.68
4096                    2.25
8192                    3.44
16384                   7.61
32768                  14.69
65536                  28.53
131072                 56.60
262144                241.95
524288                587.07
1048576              1506.66

Procs: 16

Test: 1
# OSU MPI Reduce Latency Test v7.3
# Datatype: MPI_CHAR.
# Size       Avg Latency(us)
1                       1.14
2                       1.12
4                       1.12
8                       1.09
16                      1.09
32                      1.14
64                      1.11
128                     1.41
256                     1.36
512                     1.37
1024                    1.51
2048                    1.79
4096                    2.38
8192                    3.77
16384                   8.23
32768                  16.15
65536                  34.25
131072                 71.09
262144                263.24
524288                677.09
1048576              1771.49

Test: 2
# OSU MPI Reduce Latency Test v7.3
# Datatype: MPI_CHAR.
# Size       Avg Latency(us)
1                       1.12
2                       1.08
4                       1.10
8                       1.07
16                      1.10
32                      1.16
64                      1.13
128                     1.45
256                     1.43
512                     1.47
1024                    1.59
2048                    1.84
4096                    2.42
8192                    3.83
16384                   8.16
32768                  16.24
65536                  33.71
131072                 69.92
262144                255.32
524288                666.79
1048576              1726.06

Test: 3
# OSU MPI Reduce Latency Test v7.3
# Datatype: MPI_CHAR.
# Size       Avg Latency(us)
1                       1.17
2                       1.13
4                       1.11
8                       1.09
16                      1.10
32                      1.14
64                      1.15
128                     1.37
256                     1.36
512                     1.39
1024                    1.52
2048                    1.80
4096                    2.41
8192                    3.77
16384                   8.24
32768                  16.01
65536                  34.25
131072                 71.16
262144                249.93
524288                653.98
1048576              1726.36

Test: 4
# OSU MPI Reduce Latency Test v7.3
# Datatype: MPI_CHAR.
# Size       Avg Latency(us)
1                       1.63
2                       1.55
4                       1.44
8                       1.39
16                      1.35
32                      1.38
64                      1.30
128                     1.56
256                     1.47
512                     1.48
1024                    1.60
2048                    1.84
4096                    2.44
8192                    3.71
16384                   8.23
32768                  16.33
65536                  34.67
131072                 72.57
262144                251.52
524288                667.12
1048576              1717.90

Test: 5
# OSU MPI Reduce Latency Test v7.3
# Datatype: MPI_CHAR.
# Size       Avg Latency(us)
1                       1.11
2                       1.08
4                       1.07
8                       1.07
16                      1.07
32                      1.12
64                      1.12
128                     1.37
256                     1.34
512                     1.37
1024                    1.54
2048                    1.80
4096                    2.40
8192                    3.69
16384                   8.03
32768                  15.95
65536                  34.41
131072                 72.04
262144                257.81
524288                671.51
1048576              1716.82

Procs: 18

Test: 1
# OSU MPI Reduce Latency Test v7.3
# Datatype: MPI_CHAR.
# Size       Avg Latency(us)
1                       1.35
2                       1.33
4                       1.29
8                       1.24
16                      1.21
32                      1.22
64                      1.15
128                     1.35
256                     1.31
512                     1.35
1024                    1.49
2048                    1.71
4096                    2.29
8192                    3.57
16384                   8.23
32768                  16.58
65536                  33.92
131072                 67.69
262144                292.36
524288                767.14
1048576              1998.45

Test: 2
# OSU MPI Reduce Latency Test v7.3
# Datatype: MPI_CHAR.
# Size       Avg Latency(us)
1                       1.40
2                       1.39
4                       1.29
8                       1.25
16                      1.23
32                      1.22
64                      1.16
128                     1.45
256                     1.40
512                     1.39
1024                    1.49
2048                    1.71
4096                    2.29
8192                    3.59
16384                   8.18
32768                  16.61
65536                  33.99
131072                 68.90
262144                298.64
524288                756.51
1048576              2005.81

Test: 3
# OSU MPI Reduce Latency Test v7.3
# Datatype: MPI_CHAR.
# Size       Avg Latency(us)
1                       1.33
2                       1.25
4                       1.18
8                       1.13
16                      1.13
32                      1.19
64                      1.13
128                     1.41
256                     1.34
512                     1.36
1024                    1.49
2048                    1.73
4096                    2.30
8192                    3.54
16384                   8.07
32768                  16.57
65536                  34.30
131072                 69.40
262144                314.32
524288                801.28
1048576              2070.49

Test: 4
# OSU MPI Reduce Latency Test v7.3
# Datatype: MPI_CHAR.
# Size       Avg Latency(us)
1                       1.54
2                       1.50
4                       1.42
8                       1.36
16                      1.29
32                      1.27
64                      1.21
128                     1.40
256                     1.32
512                     1.33
1024                    1.49
2048                    1.72
4096                    2.28
8192                    3.56
16384                   8.16
32768                  16.68
65536                  33.83
131072                 68.99
262144                294.46
524288                759.43
1048576              1983.18

Test: 5
# OSU MPI Reduce Latency Test v7.3
# Datatype: MPI_CHAR.
# Size       Avg Latency(us)
1                       1.36
2                       1.32
4                       1.29
8                       1.20
16                      1.16
32                      1.16
64                      1.12
128                     1.35
256                     1.30
512                     1.31
1024                    1.43
2048                    1.68
4096                    2.27
8192                    3.65
16384                   8.07
32768                  16.56
65536                  34.12
131072                 68.62
262144                308.81
524288                804.17
1048576              2042.88

Procs: 20

Test: 1
# OSU MPI Reduce Latency Test v7.3
# Datatype: MPI_CHAR.
# Size       Avg Latency(us)
1                       1.47
2                       1.43
4                       1.39
8                       1.33
16                      1.32
32                      1.34
64                      1.26
128                     1.44
256                     1.36
512                     1.40
1024                    1.56
2048                    1.80
4096                    2.38
8192                    3.70
16384                   8.77
32768                  18.52
65536                  42.32
131072                 88.12
262144                328.27
524288                878.62
1048576              2281.26

Test: 2
# OSU MPI Reduce Latency Test v7.3
# Datatype: MPI_CHAR.
# Size       Avg Latency(us)
1                       1.40
2                       1.35
4                       1.31
8                       1.27
16                      1.24
32                      1.28
64                      1.26
128                     1.48
256                     1.41
512                     1.45
1024                    1.60
2048                    1.83
4096                    2.42
8192                    3.72
16384                   8.70
32768                  18.59
65536                  41.11
131072                 86.91
262144                340.92
524288                880.31
1048576              2353.47

Test: 3
# OSU MPI Reduce Latency Test v7.3
# Datatype: MPI_CHAR.
# Size       Avg Latency(us)
1                       1.33
2                       1.28
4                       1.22
8                       1.17
16                      1.16
32                      1.21
64                      1.15
128                     1.38
256                     1.31
512                     1.33
1024                    1.47
2048                    1.70
4096                    2.27
8192                    3.49
16384                   8.02
32768                  16.45
65536                  33.90
131072                 69.14
262144                313.88
524288                798.42
1048576              2064.32

Test: 4
# OSU MPI Reduce Latency Test v7.3
# Datatype: MPI_CHAR.
# Size       Avg Latency(us)
1                       1.53
2                       1.48
4                       1.41
8                       1.35
16                      1.30
32                      1.32
64                      1.24
128                     1.42
256                     1.35
512                     1.38
1024                    1.51
2048                    1.74
4096                    2.32
8192                    3.56
16384                   8.12
32768                  16.75
65536                  34.02
131072                 69.58
262144                295.58
524288                762.30
1048576              1985.77

Test: 5
# OSU MPI Reduce Latency Test v7.3
# Datatype: MPI_CHAR.
# Size       Avg Latency(us)
1                       1.35
2                       1.30
4                       1.27
8                       1.19
16                      1.15
32                      1.17
64                      1.11
128                     1.34
256                     1.28
512                     1.29
1024                    1.42
2048                    1.65
4096                    2.22
8192                    3.60
16384                   8.00
32768                  16.45
65536                  33.75
131072                 68.72
262144                308.54
524288                803.91
1048576              2040.26

Procs: 22

Test: 1
# OSU MPI Reduce Latency Test v7.3
# Datatype: MPI_CHAR.
# Size       Avg Latency(us)
1                       1.45
2                       1.41
4                       1.36
8                       1.30
16                      1.28
32                      1.32
64                      1.26
128                     1.46
256                     1.39
512                     1.42
1024                    1.54
2048                    1.80
4096                    2.38
8192                    3.61
16384                   8.24
32768                  18.36
65536                  42.51
131072                 88.30
262144                329.12
524288                880.89
1048576              2297.55

Test: 2
# OSU MPI Reduce Latency Test v7.3
# Datatype: MPI_CHAR.
# Size       Avg Latency(us)
1                       1.42
2                       1.38
4                       1.33
8                       1.28
16                      1.27
32                      1.31
64                      1.25
128                     1.44
256                     1.37
512                     1.41
1024                    1.53
2048                    1.79
4096                    2.37
8192                    3.59
16384                   8.22
32768                  18.23
65536                  42.32
131072                 88.15
262144                329.00
524288                880.75
1048576              2295.34

Test: 3
# OSU MPI Reduce Latency Test v7.3
# Datatype: MPI_CHAR.
# Size       Avg Latency(us)
1                       1.43
2                       1.39
4                       1.34
8                       1.29
16                      1.27
32                      1.30
64                      1.24
128                     1.45
256                     1.38
512                     1.41
1024                    1.54
2048                    1.80
4096                    2.38
8192                    3.60
16384                   8.25
32768                  18.32
65536                  42.45
131072                 88.22
262144                329.15
524288                880.81
1048576              2296.12

Test: 4
# OSU MPI Reduce Latency Test v7.3
# Datatype: MPI_CHAR.
# Size       Avg Latency(us)
1                       1.46
2                       1.41
4                       1.35
8                       1.31
16                      1.29
32                      1.33
64                      1.27
128                     1.47
256                     1.40
512                     1.43
1024                    1.56
2048                    1.81
4096                    2.39
8192                    3.62
16384                   8.26
32768                  18.35
65536                  42.56
131072                 88.38
262144                329.24
524288                880.94
1048576              2298.29

Test: 5
# OSU MPI Reduce Latency Test v7.3
# Datatype: MPI_CHAR.
# Size       Avg Latency(us)
1                       1.44
2                       1.40
4                       1.34
8                       1.30
16                      1.28
32                      1.32
64                      1.26
128                     1.46
256                     1.39
512                     1.42
1024                    1.55
2048                    1.81
4096                    2.40
8192                    3.63
16384                   8.27
32768                  18.38
65536                  42.60
131072                 88.44
262144                329.38
524288                881.02
1048576              2299.01

Procs: 24

Test: 1
# OSU MPI Reduce Latency Test v7.3
# Datatype: MPI_CHAR.
# Size       Avg Latency(us)
1                       1.47
2                       1.43
4                       1.38
8                       1.33
16                      1.30
32                      1.34
64                      1.28
128                     1.49
256                     1.42
512                     1.46
1024                    1.58
2048                    1.83
4096                    2.41
8192                    3.64
16384                   8.30
32768                  18.43
65536                  42.74
131072                 88.61
262144                330.20
524288                883.25
1048576              2305.23

Test: 2
# OSU MPI Reduce Latency Test v7.3
# Datatype: MPI_CHAR.
# Size       Avg Latency(us)
1                       1.45
2                       1.41
4                       1.36
8                       1.31
16                      1.29
32                      1.33
64                      1.27
128                     1.48
256                     1.41
512                     1.45
1024                    1.57
2048                    1.82
4096                    2.40
8192                    3.63
16384                   8.28
32768                  18.38
65536                  42.62
131072                 88.50
262144                330.10
524288                883.10
1048576              2303.58

Test: 3
# OSU MPI Reduce Latency Test v7.3
# Datatype: MPI_CHAR.
# Size       Avg Latency(us)
1                       1.46
2                       1.42
4                       1.37
8                       1.32
16                      1.30
32                      1.34
64                      1.28
128                     1.49
256                     1.42
512                     1.46
1024                    1.58
2048                    1.83
4096                    2.41
8192                    3.65
16384                   8.32
32768                  18.44
65536                  42.77
131072                 88.68
262144                330.30
524288                883.42
1048576              2306.10

Test: 4
# OSU MPI Reduce Latency Test v7.3
# Datatype: MPI_CHAR.
# Size       Avg Latency(us)
1                       1.48
2                       1.44
4                       1.39
8                       1.34
16                      1.31
32                      1.35
64                      1.29
128                     1.50
256                     1.43
512                     1.47
1024                    1.59
2048                    1.84
4096                    2.42
8192                    3.66
16384                   8.35
32768                  18.45
65536                  42.80
131072                 88.75
262144                330.50
524288                883.57
1048576              2307.45

Test: 5
# OSU MPI Reduce Latency Test v7.3
# Datatype: MPI_CHAR.
# Size       Avg Latency(us)
1                       1.47
2                       1.43
4                       1.38
8                       1.33
16                      1.31
32                      1.35
64                      1.29
128                     1.50
256                     1.43
512                     1.47
1024                    1.59
2048                    1.84
4096                    2.43
8192                    3.67
16384                   8.36
32768                  18.47
65536                  42.83
131072                 88.80
262144                330.60
524288                883.65
1048576              2309.02

Procs: 48

Test: 1
# OSU MPI Reduce Latency Test v7.3
# Datatype: MPI_CHAR.
# Size       Avg Latency(us)   Min Latency(us)   Max Latency(us)  Iterations  P50 Tail Lat(us)  P95 Tail Lat(us)  P99 Tail Lat(us)
256                     0.59              0.12              8.48       10000              0.58              0.69              0.76
512                     0.61              0.14              9.71       10000              0.60              0.71              0.78
1024                    0.67              0.19             13.26       10000              0.66              0.78              0.86
2048                    0.93              0.25             19.63       10000              0.92              1.04              1.19
4096                    1.52              0.38             35.90       10000              1.47              1.63              1.88
8192                    2.54              0.52             64.62       10000              2.51              2.79              3.00
16384                   5.23              1.10            127.27       10000              5.13              5.99              6.79
32768                  11.62              2.11            256.56       10000             11.49             13.35             14.53
65536                  27.63              4.33            520.54       10000             27.36             31.31             33.53
131072                 63.08              8.91           1084.22       10000             61.06             76.76             81.43
262144                872.66             34.70           1666.06       10000            871.52            884.44            891.14
524288               1921.22             57.33           3957.35       10000           1939.06           1966.57           1974.65

Test: 2
# OSU MPI Reduce Latency Test v7.3
# Datatype: MPI_CHAR.
# Size       Avg Latency(us)   Min Latency(us)   Max Latency(us)  Iterations  P50 Tail Lat(us)  P95 Tail Lat(us)  P99 Tail Lat(us)
256                     0.63              0.12              8.92       10000              0.62              0.72              0.80
512                     0.65              0.14             10.04       10000              0.64              0.75              0.83
1024                    0.70              0.19             13.90       10000              0.69              0.82              0.94
2048                    0.98              0.25             20.19       10000              0.96              1.08              1.46
4096                    1.57              0.39             34.57       10000              1.55              1.70              1.99
8192                    2.52              0.54             65.28       10000              2.49              2.73              3.02
16384                   4.93              1.08            125.42       10000              4.87              5.36              5.92
32768                  11.10              2.09            257.54       10000             10.93             12.61             13.80
65536                  26.68              4.32            520.95       10000             26.39             29.77             32.69
131072                 59.09              8.89           1113.40       10000             57.55             65.52             73.96
262144                958.36             41.54           1777.81       10000            870.54            886.98           3958.37
524288               1838.57             56.91           3808.64       10000           1829.74           1844.62           1852.60

Test: 3
# OSU MPI Reduce Latency Test v7.3
# Datatype: MPI_CHAR.
# Size       Avg Latency(us)   Min Latency(us)   Max Latency(us)  Iterations  P50 Tail Lat(us)  P95 Tail Lat(us)  P99 Tail Lat(us)
256                     0.61              0.12              8.64       50000              0.61              0.71              0.78
512                     0.67              0.13             10.65       50000              0.65              0.77              0.86
1024                    0.73              0.19             14.05       50000              0.72              0.86              1.03
2048                    0.99              0.25             19.97       50000              0.97              1.10              1.37
4096                    1.61              0.39             35.33       50000              1.59              1.77              2.01
8192                    2.64              0.55             64.99       50000              2.58              3.04              3.59
16384                   5.63              1.09            119.99       50000              5.48              6.87              7.64
32768                  12.93              2.11            255.02       50000             12.90             15.29             16.80
65536                  29.69              4.34            520.57       50000             29.07             35.17             39.00
131072                 59.57              8.84           1075.62       50000             58.69             66.90             71.15
262144                872.40             34.25           1651.89       50000            867.51            880.02            886.82
524288               1845.10             56.79           3804.31       50000           1839.81           1855.16           1863.41

Test: 4
# OSU MPI Reduce Latency Test v7.3
# Datatype: MPI_CHAR.
# Size       Avg Latency(us)   Min Latency(us)   Max Latency(us)  Iterations  P50 Tail Lat(us)  P95 Tail Lat(us)  P99 Tail Lat(us)
256                     0.58              0.12              8.52       50000              0.57              0.68              0.74
512                     0.61              0.14             10.07       50000              0.60              0.71              0.79
1024                    0.70              0.19             13.90       50000              0.69              0.82              0.96
2048                    0.99              0.25             20.05       50000              0.97              1.09              1.32
4096                    1.59              0.39             34.53       50000              1.57              1.73              2.00
8192                    2.55              0.54             64.61       50000              2.52              2.78              3.09
16384                   5.15              1.08            126.90       50000              5.07              5.79              6.34
32768                  11.67              2.09            256.38       50000             11.52             13.49             14.80
65536                  28.25              4.29            526.60       50000             27.66             32.39             35.12
131072                 59.05              8.43           1076.06       50000             57.99             66.68             71.56
262144                875.09             34.49           1664.87       50000            873.12            885.95            892.55
524288               1858.10             57.94           3832.67       50000           1852.35           1867.57           1875.44